39 98
63 56
77 95
22 105
106 57
34 62
85 25
20 26
15 103
49 27
81 30
3 86
23 103
44 103
55 51
77 22
88 81
50 41
0 14
84 61
49 52
81 65
65 62
105 8
56 74
13 18
100 73
34 68
48 93
109 26
4 6
45 84
52 49
81 88
41 77
53 58
13 26
73 100
9 70
20 61
50 19
13 61
81 72
92 21
109 61
15 71
9 17
12 87
62 34
85 82
20 17
44 71
8 105
6 4
89 76
97 37
9 101
28 60
7 42
45 109
31 24
65 81
80 81
94 66
31 54
62 51
81 80
37 97
108 90
27 49
21 92
88 51
81 6
48 83
59 75
81 5
13 45
44 23
105 43
9 61
62 65
105 22
79 32
85 47
84 33
59 44
71 23
74 56
22 77
98 39
10 73
51 88
20 18
35 54
68 34
107 64
43 105
77 41
94 99
73 10
20 101
6 81
96 38
110 94
34 102
23 91
9 45
109 33
5 81
15 44
14 0
19 50
45 18
95 77
13 104
69 46
69 2
102 34
59 15
33 61
71 91
19 16
45 33
67 40
43 16
87 78
60 28
16 19
41 50
76 89
28 73
100 28
72 81
11 36
84 26
20 33
51 62
40 67
16 43
87 1
15 91
18 33
73 28
51 55
29 83
28 100
109 17
32 79
30 81
196 144
161 136
196 153
196 122
193 185
190 145
166 150
180 143
156 188
155 159
148 192
148 153
111 171
176 180
191 141
169 194
183 151
167 173
148 114
148 120
188 156
148 126
162 181
127 136
150 166
182 124
159 155
172 184
165 162
182 144
141 191
171 111
186 130
180 180
174 136
148 125
136 127
189 193
166 166
196 163
185 193
170 140
116 116
162 165
160 139
128 136
175 178
181 162
166 158
135 138
196 123
158 150
136 161
138 135
130 186
154 136
145 190
158 166
178 175
196 179
112 136
136 128
187 142
132 149
131 118
147 147
148 113
157 136
136 112
136 174
146 134
148 133
148 195
142 187
140 170
117 119
173 167
119 117
139 160
151 183
134 146
148 164
182 168
136 154
196 152
137 139
150 158
143 180
129 118
139 137
180 176
196 121
136 157
193 189
184 172
196 115
177 196
222 246
296 256
211 251
221 264
240 260
311 255
284 252
283 268
273 204
306 315
311 274
262 280
247 276
285 232
328 290
303 314
208 215
221 237
212 211
325 278
311 265
202 278
206 307
221 229
286 308
284 243
313 316
213 254
322 287
241 202
236 263
198 261
236 305
300 289
203 258
239 238
205 300
319 300
318 316
266 311
202 202
235 249
329 309
310 238
300 315
215 208
228 314
296 294
274 311
286 228
311 248
224 317
273 287
297 327
211 212
270 293
320 250
284 258
324 307
219 225
202 331
308 281
223 273
233 234
278 331
249 235
298 243
270 220
332 209
316 313
273 223
244 275
319 319
289 300
266 255
305 236
240 200
326 205
317 224
231 304
303 253
287 273
198 253
302 321
300 205
216 328
269 300
299 280
198 301
248 311
315 306
292 207
287 204
255 271
251 211
311 266
290 328
287 322
227 197
282 278
231 199
202 241
246 222
203 214
255 266
204 295
217 226
278 272
204 273
328 216
263 236
303 201
255 311
332 257
300 319
315 300
231 280
204 287
295 204
231 225
287 287
278 241
129 118
321 302
288 245
303 312
207 292
205 326
303 242
11 36
259 286
277 197
330 323
308 228
265 311
291 230
327 297
231 267
198 218
241 272
271 255
316 318
228 242
210 279
323 330
300 269
234 233
487 348
402 341
414 447
388 443
396 391
430 371
476 432
470 342
412 379
484 492
495 440
477 471
454 415
446 423
484 459
363 390
490 480
444 387
384 344
440 362
398 402
333 383
413 382
395 465
362 384
357 475
471 477
371 430
398 415
474 335
419 383
387 478
414 339
349 379
361 358
424 474
441 336
389 428
490 459
388 451
414 498
435 481
390 402
390 439
414 485
375 436
447 400
392 392
445 383
361 440
388 410
364 425
390 472
394 418
477 415
435 407
484 414
160 139
493 340
383 416
425 364
384 396
443 388
468 456
351 390
345 415
440 495
395 457
414 408
383 362
389 337
361 383
454 345
448 495
372 360
391 396
448 358
435 452
451 388
442 365
402 440
386 466
475 399
409 409
334 444
495 402
498 447
483 464
484 467
379 363
414 459
410 486
349 390
355 453
390 349
377 378
361 445
484 435
387 417
383 361
342 470
489 382
95 77
383 333
490 467
484 428
469 374
449 390
137 139
345 433
343 403
358 361
444 334
395 497
395 400
440 402
383 406
463 383
396 385
414 481
406 405
392 474
383 463
387 498
422 479
411 354
495 448
440 463
402 495
77 95
361 462
362 440
445 361
414 486
380 351
414 431
416 338
396 415
490 347
362 383
418 394
495 445
335 474
433 345
384 362
497 400
382 489
461 387
379 412
387 450
353 370
455 464
351 380
463 362
495 361
388 486
484 434
356 392
497 442
442 400
358 448
361 415
469 435
463 440
380 390
338 416
414 359
395 486
395 491
445 495
377 397
354 411
495 460
352 399
484 452
414 350
352 435
354 438
390 380
462 361
344 384
377 437
366 346
405 406
341 402
474 424
395 459
494 137
402 415
429 496
436 375
406 383
389 381
382 413
370 353
390 351
357 399
474 392
439 390
432 476
435 414
416 383
402 398
137 494
427 457
352 372
379 349
488 415
479 422
387 373
340 493
458 420
395 393
438 354
363 379
484 401
369 482
491 447
464 483
469 404
491 421
402 390
393 457
469 352
346 366
414 367
414 400
139 160
385 396
440 361
472 390
353 353
496 429
383 445
392 356
460 495
482 369
350 426
395 447
464 455
361 495
444 473
403 343
390 363
390 449
444 376
345 454
139 137
423 446
386 368
362 463
383 419
351 351
484 372
396 384
698 694
646 540
507 593
601 656
311 255
646 595
529 708
603 716
528 551
690 679
687 696
649 694
592 601
708 531
717 594
678 668
603 502
592 724
262 280
719 656
659 593
519 299
514 280
719 553
600 669
642 633
710 553
578 615
522 299
592 502
539 713
603 553
535 528
631 606
595 600
517 643
630 724
688 684
589 656
606 631
584 598
669 686
719 592
514 652
696 630
541 262
687 656
618 545
563 617
721 700
659 280
611 630
517 629
607 724
715 280
507 724
717 703
274 311
511 671
710 655
529 630
696 505
589 299
577 590
601 675
684 688
653 721
688 658
543 674
601 593
564 558
612 653
266 255
577 530
559 569
715 557
670 515
512 693
529 553
504 502
532 593
642 530
553 280
665 547
537 657
685 562
508 692
715 630
601 594
578 558
700 721
654 586
618 648
611 643
603 643
541 541
578 703
255 266
592 630
589 568
522 280
715 643
616 663
507 652
524 515
711 634
708 533
601 620
262 502
529 620
601 299
564 280
721 653
504 632
601 632
654 280
601 502
508 691
514 573
654 502
222 246
710 724
575 501
527 663
708 502
280 620
696 280
516 502
685 655
715 637
710 577
547 619
602 513
519 564
602 550
569 559
642 661
670 579
504 530
636 558
687 568
592 280
592 553
697 601
719 564
585 710
578 502
601 652
656 630
571 558
656 280
701 698
532 632
682 581
603 604
564 620
599 621
519 643
621 599
663 280
635 583
601 521
519 601
667 280
710 299
504 604
576 587
603 593
607 562
589 280
696 611
592 643
610 622
697 280
697 676
591 587
636 724
585 556
638 711
654 615
659 633
607 652
665 619
687 623
514 724
500 515
579 600
592 558
650 554
601 611
647 657
502 280
628 651
659 620
515 595
601 586
625 580
628 680
529 532
689 560
592 299
601 280
527 683
527 562
715 533
543 572
646 672
659 643
527 507
642 590
541 280
524 513
544 722
687 280
617 563
678 712
499 561
299 630
613 641
600 515
601 724
502 624
500 600
719 518
678 704
550 513
576 609
601 546
601 552
618 643
499 570
561 625
542 513
658 688
536 663
668 678
651 680
636 564
311 274
696 724
708 568
514 562
685 523
553 620
607 631
710 562
708 280
578 643
603 582
577 633
600 595
715 555
514 611
499 723
670 595
504 590
557 502
595 513
555 262
557 280
541 530
717 510
577 661
504 506
708 703
601 703
649 503
681 614
553 502
696 656
522 502
551 528
504 593
589 586
561 580
553 698
603 633
603 659
299 620
663 724
698 702
671 511
629 643
592 620
500 595
553 582
622 610
577 620
607 601
634 711
525 536
601 578
603 504
571 666
538 502
515 600
705 597
578 630
589 611
601 520
280 558
548 645
584 620
696 643
694 558
708 594
524 670
577 642
659 530
708 718
574 280
625 561
554 650
588 699
653 612
708 724
529 280
564 724
636 502
603 590
561 499
719 519
618 509
711 638
553 630
685 280
673 565
656 724
719 280
580 625
508 543
517 611
584 519
601 615
687 541
719 601
719 502
601 663
589 643
601 630
601 616
579 515
529 611
578 280
697 644
583 635
529 695
584 715
584 630
564 502
519 280
603 596
508 572
719 620
534 720
692 674
708 648
584 660
601 558
504 659
266 311
629 558
699 588
709 552
579 500
553 643
584 664
579 595
613 593
601 643
670 513
584 280
571 630
528 535
571 280
601 698
708 611
602 595
613 552
608 617
589 630
642 502
603 706
654 562
589 698
601 624
627 627
578 624
654 601
608 563
299 558
719 643
585 724
603 530
607 549
262 530
646 640
611 280
723 499
527 710
584 502
625 625
693 512
299 280
708 615
311 266
299 502
589 502
636 280
246 222
571 526
550 686
654 724
708 605
502 643
299 552
541 502
519 592
715 714
555 553
514 685
527 724
557 530
570 499
707 614
504 582
255 311
696 502
720 534
687 262
719 299
611 724
642 504
580 561
611 502
504 596
581 677
685 611
567 555
603 299
679 690
585 562
692 572
566 626
502 558
617 608
502 630
630 280
584 714
514 523
662 639
827 850
780 801
781 741
814 784
798 825
815 861
794 826
760 834
776 821
822 829
756 804
733 851
795 756
846 790
811 783
762 849
854 761
763 731
800 801
499 766
852 847
745 764
804 756
810 742
850 827
846 792
856 777
499 723
748 803
845 738
725 830
738 845
728 778
786 852
832 856
860 836
730 831
860 775
860 817
841 842
829 561
829 824
810 848
839 737
742 733
725 816
860 821
821 818
835 730
843 766
792 846
728 811
749 729
758 732
796 726
829 750
735 811
721 836
776 808
857 840
725 825
855 614
740 829
830 725
836 721
767 754
819 767
734 733
848 856
857 779
813 728
848 804
771 838
849 762
809 744
767 791
732 840
772 863
734 772
732 800
791 835
829 747
821 769
861 730
848 736
816 807
794 738
782 823
821 776
778 728
837 789
840 732
499 829
857 819
737 839
846 848
561 499
853 850
790 859
838 771
844 829
767 769
848 846
766 843
770 728
789 837
847 852
842 841
762 755
802 802
727 848
846 846
801 732
725 732
330 323
821 860
818 821
784 814
761 806
829 844
793 848
731 763
323 330
767 821
754 767
728 770
807 816
769 767
816 725
800 752
786 733
794 788
795 742
757 739
779 857
861 815
801 800
751 759
790 846
820 858
833 821
821 833
766 499
750 829
850 853
787 811
794 862
848 793
817 860
736 848
835 791
765 828
810 832
728 783
755 762
825 798
743 745
806 761
725 801
831 730
821 767
752 800
849 738
856 848
810 856
803 748
775 860
797 765
764 745
804 848
741 781
832 799
743 764
851 733
739 753
852 786
759 747
759 751
792 805
769 821
858 820
829 822
774 818
783 728
836 860
777 856
744 809
825 725
745 743
728 813
726 796
728 757
747 829
733 742
800 732
829 740
838 746
739 757
742 810
834 760
863 772
761 854
766 561
723 499
829 499
808 776
757 728
733 734
767 819
810 846
746 838
753 757
799 832
732 801
832 810
852 812
561 829
805 792
747 759
732 758
811 735
561 766
772 734
732 725
756 795
811 728
846 810
778 757
859 790
811 787
757 778
791 767
858 773
730 835
823 782
818 774
757 753
783 811
768 614
730 861
819 857
742 795
499 561
739 785
848 727
785 739
848 810
733 786
844 784
729 749
824 829
812 852
764 743
738 849
840 857
856 810
801 780
856 832
753 739
773 858
801 725
1005 971
896 912
883 868
976 898
947 1013
927 937
967 915
953 972
974 963
1003 1004
948 872
960 937
1006 880
958 1015
1004 994
914 940
908 892
871 973
918 917
883 985
957 965
889 1009
886 911
960 918
962 926
912 896
879 967
914 872
872 939
1012 976
991 980
944 971
953 957
869 946
885 866
999 995
945 899
900 945
963 974
905 986
1000 903
926 933
877 887
872 941
937 976
898 976
1014 967
929 893
881 913
961 1004
986 905
973 871
935 938
872 948
967 1014
1001 924
887 877
870 952
940 914
989 931
1011 884
939 1006
866 885
895 875
872 940
995 954
1004 961
991 920
928 987
950 916
1006 872
864 1015
957 953
910 998
931 929
892 908
891 968
995 867
872 907
939 872
915 951
965 972
890 934
880 919
949 904
984 966
872 921
890 872
868 883
976 902
979 905
1001 978
878 977
996 926
873 865
1008 872
950 988
897 975
995 993
911 886
920 991
917 960
894 995
922 964
919 880
972 953
936 906
976 937
933 926
952 870
943 995
909 976
971 1005
876 944
915 967
937 927
941 872
975 897
913 881
916 950
995 943
960 898
1004 1003
1005 876
990 983
872 1008
967 879
976 960
875 895
972 965
930 882
950 956
1016 978
868 985
902 976
993 995
996 872
872 996
888 970
882 978
1002 874
978 1001
955 885
905 979
944 876
867 995
904 949
977 878
980 991
997 896
956 950
959 1010
899 945
1013 947
969 995
953 965
931 989
998 910
934 890
978 882
995 999
966 984
985 868
907 872
945 900
970 888
965 957
960 917
872 890
964 922
942 1007
883 981
951 915
985 883
901 992
925 880
884 1011
978 1016
982 905
926 962
976 1012
921 872
1015 864
981 883
960 976
937 960
906 988
885 955
968 891
898 960
865 873
992 901
995 969
1015 958
880 1006
880 925
954 995
876 1005
923 932
1007 942
896 997
965 953
882 930
906 936
940 872
971 944
926 996
918 960
905 982
976 909
924 1001
872 1006
929 931
994 1004
932 923
995 894
872 914
903 1000
893 929
983 990
938 935
1006 939
917 918
874 1002
1009 889
1018 1109
1072 1079
1106 1040
1105 1066
1018 1116
1062 1059
1076 1073
1069 1100
1125 1092
1056 1028
1080 1028
1020 1085
1058 1025
1025 1029
1020 1120
1101 1035
1095 1124
1114 1037
1034 1061
1055 1031
1122 1087
1026 1061
1077 1035
1038 1064
1067 1017
1120 1086
1061 1026
1059 1062
1063 1077
1116 1065
1061 1049
1043 1068
1100 1069
1030 1051
1100 1029
1117 1050
1020 1101
1116 1080
1040 1093
1082 1116
1046 1060
1040 1068
1047 1039
1038 1051
1079 1072
1102 1065
1036 1052
1065 1108
1093 1073
1087 1122
1114 1043
1063 1057
1029 1025
1066 1024
1073 1076
1122 1028
1088 1027
1084 1023
1025 1058
1079 1088
1049 1033
1058 1072
1080 1116
1065 1097
1061 1034
1023 1084
1052 1036
1058 1098
1045 1093
1099 1122
1028 1122
1101 1020
1116 1072
1020 1081
1093 1040
1121 1078
1039 1047
1106 1082
1074 1107
1032 1112
1017 1103
1089 1070
1030 1077
1087 1097
1098 1037
1059 1089
1080 1048
1035 1101
1030 1054
1125 1069
1017 1067
1025 1069
1033 1049
1077 1090
1112 1032
1069 1125
1077 1030
1116 1109
1069 1118
1120 1020
1051 1030
1020 1058
1065 1116
1119 1071
1035 1083
1019 1116
1030 1064
1122 1099
1096 1101
1067 1053
1083 1035
1072 1058
1049 1061
1091 1061
1086 1101
1054 1030
1097 1106
1094 1019
1057 1063
1029 1100
1101 1086
1028 1080
1021 1087
1022 1026
1071 1119
1116 1082
1069 1072
1101 1096
1040 1106
1064 1042
1115 1051
1051 1115
1019 1121
1031 1061
1078 1121
1041 1103
1070 1059
1090 1077
1030 1038
1124 1095
1021 1116
1061 1033
1048 1080
1070 1089
1038 1030
1100 1088
1017 1071
1105 1078
1103 1041
1065 1102
1051 1038
1077 1063
1118 1069
1061 1123
1068 1040
1068 1043
1077 1106
1089 1059
1043 1114
1104 1088
1108 1065
1109 1116
1066 1105
1116 1021
1097 1065
1048 1028
1064 1038
1078 1066
1087 1021
1081 1020
1106 1097
1066 1078
1088 1104
1037 1098
1085 1020
1109 1018
1071 1017
1093 1045
1088 1100
1097 1087
1058 1020
1024 1066
1060 1046
1116 1057
1053 1067
1115 1111
1035 1077
1069 1025
1061 1031
1028 1048
1072 1069
1044 1075
1061 1091
1082 1106
1075 1044
1059 1070
1107 1074
1123 1061
1088 1079
1111 1115
1103 1017
1124 1041
1064 1030
1116 1018
1026 1022
1041 1124
1037 1114
1073 1093
1019 1094
1116 1019
1113 1050
1106 1077
1122 1110
1086 1120
1031 1055
1078 1105
1121 1019
1082 1096
1057 1116
1096 1082
1110 1122
1092 1125
1072 1116
1098 1058
1028 1056
1042 1064
1027 1088
1033 1061
2068 1885
1887 1797
1880 2274
1442 1527
564 2161
2018 2116
2445 1235
1775 1303
1236 1576
2115 1702
2442 1712
262 280
1225 2258
1276 1905
213 1531
2388 1135
1431 2439
2178 1615
1638 1846
1132 2392
1604 2256
1604 1519
1264 1866
1394 2079
336 1801
2204 1522
2215 1282
1885 1417
2295 2173
1916 1734
630 724
662 1824
2341 2392
1914 1550
1824 1935
1749 1696
2379 1974
98 1702
1820 1593
1989 2104
1682 1928
2374 299
2056 2341
1509 1702
1678 2094
1738 1127
2181 1356
1611 2430
2141 2161
1132 2096
507 724
2284 2378
2364 1828
1767 1418
2068 1369
1208 1866
2267 1233
1199 1300
1177 2065
1309 1590
1696 1586
1878 2191
1749 1830
1998 2087
500 2069
2090 1830
1586 2094
1837 1361
2026 1557
2122 1129
1875 2096
1908 1883
2434 1759
1265 2214
1719 1127
1419 515
2182 2135
1713 1369
1151 2410
2449 1150
1623 1872
2012 1826
2460 2256
1785 1609
1825 1550
1369 1999
1572 2094
1434 1132
1489 1482
1788 1261
1132 1261
1229 2066
1143 1779
2369 2138
1908 1467
1761 1450
387 417
1837 2088
1332 1867
1348 2173
2177 1738
2305 1899
2240 2394
1877 1545
1820 1906
1511 1739
1144 2135
524 515
1702 2171
591 1862
1849 1986
1770 2267
2416 724
2458 2350
1383 2238
1208 1709
1932 1872
630 2161
1313 2312
2316 1927
1128 1132
2123 1785
1926 1748
2310 639
2213 1369
1402 2255
1991 1796
1419 1132
2301 1689
1839 2022
1603 2160
1383 1498
1548 1609
1638 2430
2347 2305
1269 1695
1808 1898
1648 1689
1782 1627
1286 1372
1211 1238
600 1534
1742 2171
2178 1223
2044 630
1520 1384
2129 1261
2061 1307
283 268
1650 1330
2264 1622
2323 1476
1129 1261
1780 1251
1462 1365
1130 1455
2005 1595
602 550
280 2079
1774 1430
1738 1845
2104 1806
579 2069
2166 1575
1606 1445
2090 1236
1628 1590
2193 1834
2081 2107
1931 2137
1843 1658
1848 1678
2146 595
18 2269
1341 2277
1233 1653
2067 280
1991 1184
2101 1791
1673 2017
2131 1369
9 70
1264 1692
1494 2010
1475 1586
2172 1149
1411 1792
2276 1328
1326 1980
1681 1585
2172 1875
85 82
2397 1191
1787 1569
1241 1807
1164 1858
1126 1132
1197 2325
607 562
1311 2371
1915 1611
1391 1949
2078 1312
1962 2383
2068 1182
2441 2016
1327 1596
1820 2315
2310 2288
1410 1636
1694 1217
2329 2290
1778 1557
98 1207
2144 1666
1491 1819
1467 2079
1410 1252
1596 1522
2267 2066
1209 555
2154 2312
579 600
84 33
1646 2362
2069 1529
1344 1522
1989 2261
1839 1970
1820 1889
1292 1876
1574 1606
1359 2269
1346 2065
1733 1582
98 1399
1200 1375
1146 1664
1770 1580
1241 1535
2289 1636
202 241
1231 1489
2347 1511
1458 2244
1892 1132
2177 1779
1260 1253
1927 1989
2123 213
2311 2110
1646 1610
2297 1586
1326 1282
2111 2341
1662 1523
1989 1522
1399 2107
1939 1659
1205 1296
1883 1750
1415 1182
1984 1485
441 1801
2347 1981
2371 2150
1439 1963
2019 2204
1458 2007
663 2161
1978 1501
2295 2269
1143 1326
1132 2326
2458 1802
1440 2259
1339 1282
1177 1587
1410 1220
1844 1807
1989 1950
2026 2094
2350 1261
2351 1945
550 513
1820 1324
1208 1143
1682 1367
2106 1261
547 1385
1320 2196
1462 1755
1857 2207
1438 2228
1885 1582
2146 670
1862 1411
1678 1213
1383 575
1410 2321
2330 1379
1396 1550
2441 1182
1321 2078
2211 1894
1263 1326
1132 2062
1655 600
1958 1169
1295 1996
1979 2022
1209 1306
2262 1420
1998 1971
1591 1433
1787 1797
2012 2446
2435 1826
1208 1914
1857 2173
1646 1485
1815 1539
1643 2363
1535 2107
1681 1330
2323 1303
1796 1481
299 1261
1226 1145
1770 555
1475 2302
1230 1630
1625 1785
1908 280
1779 1282
1659 1792
1689 2094
1177 1919
1450 1529
1459 2203
663 724
1283 2173
1326 2188
1844 1636
2440 1312
1366 1145
1727 2224
2044 280
667 1261
1236 2094
1600 1417
2416 562
607 601
1661 1685
1131 1369
567 1467
2016 1939
2348 1975
1830 1689
2398 2239
2367 1613
524 2069
1252 2142
2156 1143
595 1529
600 1535
1293 1132
2460 2107
2369 1253
1811 2352
2222 1182
1749 2094
1307 1385
1132 2341
2297 1861
1369 2403
2173 2269
1199 2454
524 670
1967 1417
1908 630
2398 1620
2095 1607
1419 1655
2191 1431
1613 1296
1264 2423
1652 2269
1678 1830
1796 2307
1403 1195
1132 1663
1132 2307
1678 1572
1773 2062
2123 1539
1604 1434
1950 2056
1667 1979
1989 2109
1946 1946
1693 1575
1258 1218
1283 1575
1648 18
2305 1823
2005 2308
1696 1509
1671 1877
1527 1522
2304 1132
508 543
1588 2306
1583 1391
1652 2383
564 2388
601 663
2401 1730
1538 1336
1783 1593
2012 1945
2275 1466
1132 1384
1410 1234
299 1253
1646 1282
1346 1683
2041 2258
2297 2280
1177 2161
1430 2094
1487 1411
1226 1832
1131 1419
2442 2082
2191 1982
2177 2022
1521 2387
1431 1282
2214 2052
2302 1261
2243 1372
1226 1137
2229 1406
2067 2124
98 1806
1778 2397
1519 1384
53 58
1208 1926
2215 1982
2185 1266
1895 1750
2013 1957
670 513
53 1252
1398 2425
2297 2301
708 1467
2049 2461
2204 1372
670 1287
2083 2399
2063 1522
2261 2145
1208 1771
1693 1961
2323 1239
1292 1598
1686 1132
1820 1642
1643 2241
2048 2392
1877 2329
1642 1830
670 1535
1742 2380
2238 1961
1860 2065
1303 2434
2113 1172
2146 1369
13 45
601 1895
2270 2447
1139 2297
2091 1815
1446 1226
2370 1830
2058 2454
1139 1830
2301 1576
1295 2018
2247 2062
1126 1950
2432 1981
1326 2022
1723 1395
1222 1586
1483 2413
1330 2392
2387 2269
1844 1263
2081 2231
601 1253
1908 2025
550 686
2320 1691
1431 2410
2304 1287
1308 1533
1292 1549
667 2161
2123 1659
1454 2056
1483 1154
1348 2396
1337 724
1538 1855
1855 2390
1737 2385
1766 2311
1264 1630
1354 2396
2111 2256
2184 1291
1297 2372
2446 1826
2226 2312
2166 2269
1187 1200
1817 1982
2436 1177
39 98
1489 1680
2261 2422
1356 1330
1873 1832
2449 1709
1733 1587
1730 2160
601 1750
2086 2110
1326 1220
2172 1689
1512 1830
2045 1177
1366 1830
2018 2406
2103 2104
1820 1861
1808 1152
1860 1999
1569 2079
1557 1129
2186 1450
1297 1871
1265 2052
2208 1784
1694 1469
600 1936
2022 1403
444 1976
2005 1969
1538 1528
2054 1295
441 336
2045 1261
1576 1385
600 1287
1264 1850
1743 2352
1228 1830
1458 1986
1498 2450
1783 1586
1132 2084
2002 1626
2408 1606
1885 1947
1820 1576
1247 1445
2329 1920
1903 2179
1628 1515
1343 1824
2369 2079
2344 1653
1509 1261
2238 1375
2019 1669
2426 1764
1652 1830
2067 564
2328 1753
2163 2338
1280 2245
1447 1724
1608 1830
2267 1653
1132 1796
2209 1369
2186 2403
1611 1886
1915 1989
1723 1981
1811 1738
1487 1613
2367 1132
2321 1535
39 1207
1844 1169
1142 1830
1410 1207
1467 299
1857 1979
1394 299
600 1385
2027 1529
1863 1458
1208 2337
1434 1999
2182 1144
2306 1493
1317 2447
1848 1213
1128 2062
1774 1345
1487 1379
2222 1210
1743 1455
1778 663
1615 595
1335 1979
1904 1526
1659 1947
2213 1534
1774 1586
2058 2325
1620 1945
45 33
1900 2050
2063 1817
2019 1207
2261 2229
1443 1551
1673 1510
1905 2393
2370 1386
2242 1766
2146 2069
1205 1789
601 299
1262 2365
2359 2204
2213 2096
1155 280
1383 2409
1431 1779
670 1656
2173 1179
1543 1510
2325 1330
1742 1462
2191 1983
1965 1545
1461 1622
2072 1450
1793 1139
2316 1522
1392 1658
1370 1758
1132 1656
1208 2208
1192 1609
1989 2019
53 1153
1791 1290
2263 1409
1197 1330
2069 2107
1354 1575
1908 1580
1393 2278
1208 1843
1625 2068
1456 1574
1858 2331
1849 1421
1349 2427
1477 1406
601 652
1319 1701
2119 1732
1820 1414
1783 1236
1649 1992
2134 1522
1470 2035
1595 1982
1595 1850
1439 2168
1655 515
1667 2306
1862 1947
1897 2228
1458 1840
1924 2003
1226 1830
2081 1792
1454 2107
1693 2010
1267 2163
1774 2116
1205 1417
2449 2040
1205 2194
1940 2094
1676 1376
2067 1129
1749 1342
2091 1539
579 1936
2108 1737
1785 1417
1646 1445
1817 1898
1231 2118
1914 1748
1926 1372
2017 1819
1940 1911
2351 1433
2316 2189
1629 1830
2275 1514
1341 1508
1742 639
2083 1933
2261 2104
1416 280
2046 2249
98 1234
1892 1570
2360 1523
2179 1685
1132 1434
601 280
1915 228
2168 2148
2219 1369
2092 1951
1806 1132
527 2025
2298 1312
2217 2443
1604 1987
1184 2447
2222 1384
1251 1522
1319 2271
1770 1155
2119 1920
1907 2394
1287 2062
1862 2450
1808 1503
2193 2065
2000 1572
1770 280
1461 2143
1694 2299
2191 1282
1564 1819
1702 1792
2355 1904
2095 1182
283 1621
1696 2275
1895 2161
1785 1947
2019 2202
2320 1346
1405 1374
2261 2192
2457 1426
1366 1449
1892 1739
2295 2297
1914 2412
1260 2360
1411 1888
1297 1900
663 1191
1595 1382
1582 1587
2072 2137
1625 2124
1836 1463
2048 2256
1852 1949
708 280
1989 2103
1763 1992
2183 1689
2037 1988
241 202
1265 1919
2416 2025
2146 2174
2257 98
2382 1582
1427 1337
2110 1526
2109 1989
1749 1261
1313 1485
1126 1773
2076 562
524 1369
1678 2061
1506 663
2342 1982
1205 1702
1700 2012
2072 595
259 1251
1389 2357
1403 2022
1132 1784
1142 1441
2126 2006
2146 1287
1419 2403
1527 1424
1830 1576
1873 1502
500 595
2387 1689
2191 1440
336 1371
1349 1469
2047 1188
1878 1982
1968 1489
1354 1830
1892 2430
1425 1376
2292 1630
2425 1398
515 2326
1647 1824
1820 1830
2396 1602
2230 1182
1967 1785
1767 2164
1887 2214
1655 1761
500 1535
1991 2307
1236 1679
1851 1999
662 2154
2347 1898
579 1534
1822 1716
1806 1241
708 724
2391 2112
1346 1132
2058 2205
1482 1595
1646 1722
2016 1666
2383 2370
1641 2075
2266 2085
2360 2208
1342 1191
2002 2051
1667 1981
591 1625
1888 1939
1199 1241
84 26
2455 1156
2172 1453
2194 2256
1989 1927
1187 1375
719 601
2326 1372
1965 2428
591 2230
1482 1898
1984 1975
1742 1766
1569 1261
1269 1182
1743 1482
1567 1383
1593 1830
2382 565
2328 1945
1857 1550
2063 1835
1723 2446
1632 1956
1538 1811
1686 1519
2209 2186
2440 1764
1698 1198
579 1287
1494 2269
1390 1214
1411 1721
1873 2301
1985 1505
2189 1817
1918 1155
1184 2433
1346 2320
1205 1411
1800 1290
1533 1236
2391 1221
1597 1636
1506 1895
524 2146
2361 1477
2261 1212
1686 1509
1787 2214
1773 2010
2314 1526
1989 1263
1572 1484
1583 2432
2358 2411
1390 2216
1680 2412
1475 1342
1862 1539
1940 1246
1340 555
53 2075
1314 1598
2213 1385
1971 2087
2091 2367
2081 1651
2172 1190
2092 2079
2072 1285
1878 1898
515 2279
1162 1465
1356 2036
1892 1550
564 2079
2111 2194
2072 1894
1814 1645
2429 2095
2048 1935
1940 2245
1296 1792
2254 1960
2280 1830
1553 1586
2219 1656
1725 1137
1868 1219
2310 2171
2247 1227
2172 2269
2071 2322
2410 1372
1991 1426
1249 1587
1695 1739
2238 1674
2300 1479
1673 1685
1467 280
1706 2413
2081 1300
1625 1885
2146 579
1229 1666
1588 1403
1440 1972
2123 1815
2412 2447
1775 1666
2348 2312
2267 1666
2319 2421
2320 1535
1495 1982
1419 2069
1132 1550
1696 1191
1226 2363
45 2301
567 555
1225 1420
2124 1895
1375 2057
1655 2211
1810 1444
2124 2214
1294 1929
2123 2367
1425 1499
1905 1369
2081 1967
2115 53
85 1739
639 2171
1605 1205
1257 2164
1354 1149
1897 2014
2028 1643
1208 2412
2440 2406
1408 1421
1631 2324
708 1895
2139 2224
515 1936
1839 1982
1354 2173
2346 2406
2293 1990
1787 1338
1243 2367
2395 1188
1894 2137
1297 1142
2012 2034
2428 1837
1461 2096
1643 1385
1762 1582
2234 1175
1586 1830
1569 280
1326 2037
1199 2107
2225 1656
1292 2430
84 1210
1615 1655
1544 1191
1354 33
1830 2301
1431 1232
1209 708
1457 2095
2379 1469
2304 2430
1894 1894
1610 2312
1686 1184
2347 1663
2256 1935
1907 2062
1892 1680
1720 2378
2341 1219
1342 2006
1862 1785
2119 2428
2336 1145
1610 1313
1572 2357
1342 1955
2072 2186
1803 1406
1507 2093
1802 2050
1359 1648
1474 1910
2320 1132
1906 2301
1934 1931
1807 1499
2067 562
1341 1598
2281 1615
1544 2065
724 2107
1431 1403
1949 1312
387 1153
1995 2009
9 2431
1820 1586
2242 2311
1528 1403
1240 1261
1132 2404
2183 2094
1132 2447
1303 1623
1956 1547
1206 2079
1467 1563
2177 1403
2007 2001
1436 2340
2283 1670
1814 1750
2210 1750
2234 2417
1275 2437
1573 1145
2243 1876
1438 1127
1806 2409
2295 1622
2387 1385
2429 2186
1283 2207
2341 2256
1132 1245
1842 2312
2156 1395
1126 1590
1294 1961
1857 1898
1155 630
1897 1795
1692 1748
2072 2213
2220 1664
1425 1270
1132 1468
2293 1208
1230 2155
2289 2104
2022 1127
1151 1127
1348 2383
2247 1613
2209 2062
2397 1261
1344 1445
1715 1658
1143 1739
18 33
29 1945
2227 2419
1399 2394
2167 2182
202 2400
2333 1141
1696 1177
1494 1739
1924 2319
2156 1821
508 1971
1678 2043
2324 2186
2295 1575
1974 1709
2173 1550
1671 2248
1643 1629
670 2326
2189 1841
1694 2461
280 1750
53 1634
2283 1736
2255 1511
1458 1997
2166 2125
2185 2454
2090 1689
1548 1947
1991 2442
2256 2277
2396 1149
719 2369
1939 1607
1761 2403
1692 1508
1686 2065
2044 2101
1511 2037
2060 1469
1430 1586
1830 1861
2369 2388
2378 2164
1615 579
1131 2324
286 1805
1873 1499
2196 1514
2159 1162
1382 1143
1276 2024
667 280
1141 1326
2377 1404
2441 1785
2410 2287
1405 2231
2209 1324
1289 2319
1780 1445
1839 1898
1687 1621
1241 2339
1761 1529
1588 2037
667 1191
1569 1291
1748 1692
2104 1169
1606 1203
1958 1590
2128 2108
1382 1960
1142 1945
1658 1392
1667 1127
1824 2154
1647 639
2458 1665
1128 2104
2067 601
2388 2079
1989 2030
1454 1220
1585 2021
1525 2236
2399 1501
84 1689
1648 2396
2359 1203
1811 1941
2046 1826
2178 1546
1775 2118
1495 1371
1687 1830
1686 1788
1356 2392
1319 1511
1528 1141
1821 1127
1494 1375
1702 1141
1700 2034
280 2161
1199 1220
579 1535
1625 1837
1738 1195
2281 1362
2184 1261
1269 1885
1718 2066
1643 1575
2412 1748
2207 1149
1780 2204
1857 2269
1441 1391
2071 1613
1162 1807
1733 2350
1446 1713
2324 1450
2139 2337
1652 2207
35 1441
2344 1541
308 228
1861 1830
2449 2190
2201 1191
1208 1618
1686 1860
1817 1550
1187 1575
1873 1677
1659 2186
2129 2065
2076 2025
1230 663
1204 1161
542 513
1950 1220
1399 1169
1597 1776
2402 1663
2242 1462
2330 1474
1659 2095
1155 1209
1370 1863
2358 1830
1989 1445
2028 1433
1461 2154
2124 663
1854 1498
1431 1127
2225 1953
2334 1549
1208 1956
1319 1282
2153 1508
1774 1312
2018 2418
1887 663
1391 1981
1132 1823
524 1534
2361 1657
1403 1282
2146 1607
2202 1669
1132 2208
1693 1830
1295 2263
2440 2116
1774 2094
1992 1721
2186 1656
2067 724
1796 2160
1342 1586
1852 2028
1346 1860
1861 1586
1590 2277
2280 1889
1917 1428
1205 1885
2073 1961
2351 1391
2280 1689
524 1535
2143 2431
1509 1191
2342 1282
2441 2203
2026 1129
2060 2014
2101 1971
1226 2298
1544 1261
1416 1474
1837 1576
1522 1154
1770 1666
2095 2186
1586 1861
1128 1263
2386 1182
601 578
1434 2430
1133 1282
2256 1219
2048 2277
2305 1140
1863 1997
663 1919
578 630
2177 1151
1716 1822
1341 2392
1766 2380
1659 2429
1987 2394
1550 2326
1354 2269
2272 2298
1812 1784
1356 1970
1275 1292
2437 2009
1533 1414
1390 1923
1188 1935
1445 1290
1967 1888
1900 1458
1906 2315
35 2424
1965 2329
1967 2450
1151 1898
2076 663
2072 1656
2184 1587
2430 1526
1329 1380
1939 2386
2236 2395
1642 1512
1958 2194
2142 1252
1169 1141
2430 1468
1128 1207
2322 1399
2235 2104
1198 1773
1382 1866
2063 1207
2359 1805
1334 2006
1689 1861
1833 2120
1949 1395
2072 1287
1766 2396
2136 1137
1375 1200
1775 1759
1315 1956
2076 724
1381 2439
578 280
1538 1255
1427 1261
1443 1739
1889 2094
1415 1607
1820 2094
1681 2093
1208 1565
1738 1982
2179 1290
1132 1644
1729 1294
1686 1846
1483 2140
1242 2251
1984 2312
2053 1357
2058 2058
1359 1149
1858 1558
2129 1896
1824 639
2246 1368
1457 1982
1640 1902
2383 2236
1742 1758
1961 1929
1881 1759
1868 1981
2240 1928
2207 1190
1800 2101
1402 2066
2136 2116
1588 1127
2446 2363
2460 2194
1493 1282
1194 1981
1707 1759
1749 1509
2122 2122
602 595
2029 1692
2084 1182
1995 1406
2359 1251
601 624
1381 2341
1809 1601
2221 1597
2167 1329
579 2279
2230 1785
1932 1623
2401 1345
1155 299
1329 2155
1648 1190
1226 1643
1821 1898
280 1135
1251 1445
1747 1666
1186 2161
2324 2160
1720 2284
1279 1564
1966 2148
2141 1631
1667 1898
2250 1282
1742 1458
1511 1779
1852 1433
1730 1484
1145 1830
1458 1183
1993 1452
1303 2118
13 1689
2146 1241
2141 1582
1289 2003
2341 1330
1966 2168
2065 1261
1308 1709
1648 1354
1854 2304
1161 1372
1875 2311
1431 1821
1852 441
1582 1261
719 299
1307 1830
2342 1739
2081 2171
2398 1295
2141 2065
1821 2022
1509 1177
2022 1282
1595 1960
1765 1252
1648 2207
2272 1366
2266 1994
2071 1162
1410 2107
1614 2381
1855 1127
1787 2052
1459 2003
1886 1739
1260 1750
1284 1139
2123 1306
1326 1982
1605 1463
2068 2186
1949 1295
2092 2110
1339 2022
1743 1208
2179 1661
1226 1642
1681 2021
1655 2137
2037 1282
1155 1563
1708 1282
1319 1779
2068 1384
2256 2430
1431 1898
1631 1447
1971 1672
1443 2277
1785 2450
1419 1615
1509 1582
2136 1138
2305 1663
1151 2022
2148 1731
1943 1896
2214 1895
1667 1588
2204 1645
1678 2357
2449 1786
1531 2138
2349 2186
1126 2056
2007 1622
2239 1395
1854 1872
1311 2281
1184 1796
2428 2140
1774 1911
2072 2209
663 1582
1873 2062
202 1127
2181 1412
2415 2102
2289 2452
2298 2263
1519 2065
1162 1399
1367 1622
1725 1830
2312 2311
283 1324
1719 1495
1989 1290
1939 1417
2343 1273
670 2069
1560 2117
1886 1702
2236 1961
1646 1422
2325 2205
1317 1717
1788 2121
1291 2155
1482 1143
98 1162
1326 1127
2301 1179
1332 1476
1522 1252
1903 1819
2410 1194
2230 2386
1325 2364
1203 2204
1231 1759
1476 1867
1887 1129
1787 1895
1518 2013
2058 1961
1686 1346
1918 562
507 652
1132 1576
2134 1496
1794 652
1257 1306
1854 2394
2358 1366
1488 1822
1512 1575
1161 2018
1950 1939
1820 1689
1989 2056
1475 2006
1339 2439
1348 1689
1494 1200
1576 1586
2280 1906
1489 1476
1774 2363
2261 2287
1253 2079
710 724
1668 1935
2053 450
1849 515
1132 2093
2438 1372
1730 1526
1599 1945
2072 600
670 579
2123 1684
2236 1739
2094 1145
1515 1807
2038 1564
2100 1702
1673 1819
1990 1208
1735 1872
1276 1302
1236 2090
2270 2412
2012 1395
2207 1575
1264 1699
1940 2078
1363 1633
1820 1679
2261 2103
1317 1430
1673 1543
1870 2107
1643 1369
2038 1685
2050 1730
1652 1354
1282 1127
1742 2086
1661 1819
2092 280
1287 1182
1173 1287
663 280
1795 1501
1951 1622
1553 1140
1328 2276
1989 1251
1762 1415
1861 1526
1925 2171
1671 2329
2220 2447
1449 1830
1892 1326
1655 2209
202 1224
2247 2237
2312 2396
1588 1970
2217 1813
2293 1748
1226 2018
2235 2261
1728 1318
1948 1388
1498 1935
1155 2374
1764 2245
1205 1837
1789 2394
1438 1282
2261 1777
2162 1220
2083 1259
1830 2094
1419 1385
1348 2297
98 1132
1989 1805
1381 1817
1904 1385
1614 1372
2230 1950
2200 1533
1728 1235
1783 1830
1924 85
1291 565
2177 1821
1761 2069
1396 1754
1852 1137
1236 1326
2209 1287
2398 1395
1507 1501
2361 1180
1494 1830
1580 280
527 562
2217 1622
2342 1970
2081 2450
2194 1132
2139 1981
1705 1913
1411 1785
1528 1821
1966 1963
2213 2137
1710 1953
1782 1944
2028 2114
500 1677
1359 2231
601 1523
2131 1904
1949 1981
2310 1666
2401 2405
1184 1384
2256 2392
2028 1137
1132 2059
1806 1575
387 1706
1126 1347
2033 1217
2281 1967
2386 1417
1541 280
1987 1412
575 2392
2321 2162
1895 1261
1132 1935
1482 1903
1160 1695
1130 1748
1904 2014
2079 1523
575 1132
1585 2404
1348 1517
1512 2224
1334 1259
1538 1726
1904 2430
1628 2341
2216 2152
1901 1738
2172 2297
2281 1369
1990 2433
2333 1314
1656 1953
1899 1165
2146 1936
1931 2431
1423 1399
2052 1856
1525 2395
1387 1222
1512 1145
1392 1715
2369 630
1297 1271
2284 1666
2397 1177
2429 1182
1640 2170
2053 1153
1603 1302
1495 2456
2214 1129
1940 2298
2295 1550
1461 1951
1951 2110
2297 1689
1282 1982
2045 1129
1299 2079
1855 1898
1354 18
2094 1830
1652 1517
1755 2269
1690 2074
1132 1508
1628 2194
1321 2245
1129 1919
1203 1927
1442 1424
1260 630
2327 2072
1288 1263
2123 1132
1971 1970
2268 2408
601 520
1950 2137
2235 1617
1130 2412
1855 1336
1725 1395
1228 2126
2044 1225
1962 1823
1820 1783
1696 1430
2295 1348
2239 2398
2217 1532
1628 1141
1648 26
2261 1252
1888 1947
2364 1956
1343 639
1738 1282
2068 1837
1838 2142
2285 2087
1173 1986
673 565
1142 1906
1696 1587
1474 1252
29 2170
2139 1137
719 280
2442 1261
1572 2050
2071 2081
1635 2280
2154 1824
2037 1982
1205 2240
1432 1935
2118 1666
601 630
2206 1501
2146 1385
1631 1261
1415 2304
2048 1903
1337 1261
1743 1474
579 1677
1131 1376
2304 2450
1378 2366
2234 2269
1411 1607
1341 2181
2460 1935
2050 1458
1837 2184
2153 2395
1126 1306
2236 1929
1132 1220
1762 1576
1205 1666
1657 1406
2440 2018
1319 1219
1236 1830
2323 1541
1892 2080
1808 2191
2183 1149
1458 1358
2071 1375
2063 2240
524 2326
708 648
1652 2396
2171 1575
1126 2144
2247 2104
1446 2286
2280 1586
2459 1129
2434 1666
1482 1910
1908 562
1858 1528
1991 1384
1538 1127
1648 2269
1351 1576
2072 1730
579 595
1635 1643
213 1769
2289 2243
1595 1866
1419 2186
2449 2414
2177 1898
1512 1586
2460 2341
1979 1757
1419 1376
1778 1177
2247 1132
2172 1693
1422 1975
1720 1463
1544 2350
1440 1971
2220 1665
579 1369
1780 1252
1483 1153
2393 2244
1742 2050
1206 1394
1862 2386
2451 2294
1613 1886
13 1813
2410 1738
1965 1920
2289 1702
1767 1666
1943 2065
1698 2218
299 280
1265 1261
2086 2096
1588 2356
1326 1734
1519 1987
2215 2022
2177 1195
1474 1666
2284 2164
1132 1385
1177 2187
1375 1575
2191 1779
2050 1216
1624 1672
667 1582
1296 1401
2056 1576
500 1385
575 1330
2348 1485
1339 2037
2121 2151
527 724
1887 1177
2025 724
2225 2403
2302 2006
2131 1141
630 2079
1315 1586
2455 1369
1538 1282
2143 2096
2373 1800
1317 1696
1848 2050
1126 1823
1663 1899
1817 1169
2374 280
1126 1189
2297 2269
2311 2431
1299 1467
1173 1534
2457 1664
1785 1939
2374 2079
1507 1330
1222 1830
1909 1772
1785 2107
1894 2096
2220 1426
2121 1587
2067 2079
2360 2079
1284 1793
1773 1739
1132 1330
1775 1239
1431 2215
2440 2078
1814 1193
1184 1481
2449 1349
1886 1141
2441 1885
1627 2135
1132 1665
1931 2096
1742 2312
1604 1598
1351 1300
2374 1253
1461 2135
1591 1945
1324 1586
2049 1694
1323 2075
1487 2367
1739 1282
595 1220
2283 1127
607 724
1512 2055
1300 2107
1276 2393
1226 1312
98 2104
2316 1251
2429 2084
2310 1562
2062 2430
1208 1547
2137 1535
1319 2256
1383 1330
2289 1579
2306 1127
2039 2087
2104 2422
1848 1572
1548 1939
2242 639
1814 1817
1839 1127
1799 1841
1656 2403
1326 1830
1226 1620
1820 1921
1851 1530
2327 2253
2069 1936
2163 2116
1749 1177
1206 630
268 1482
1611 1220
2370 1140
2369 280
1134 1865
2342 1143
1473 1145
2322 2056
1950 1762
1646 1318
2155 565
1787 2161
670 1369
1451 1492
1898 1282
1905 2244
1474 1898
1251 2185
2111 1535
1778 710
1127 1282
1984 1463
2069 1287
2434 1132
2369 1135
1421 1905
1900 1874
1632 1830
564 280
579 2326
1795 2228
2033 2153
2401 2055
2204 1153
1643 1642
1586 1689
2181 1551
1585 2093
1993 1813
1873 1376
2045 2161
1416 2079
1132 1999
1389 1413
2235 1634
1787 1177
1531 1415
1169 1982
2449 1898
2066 2394
1390 1753
1131 1425
1205 1534
1307 1210
2078 2245
2189 2394
1785 1182
1848 1741
1855 1232
1820 2297
1431 2176
2089 1511
2377 1830
1315 2196
2428 1496
1643 1145
1746 2001
1742 2242
2343 1660
1458 2132
2243 1768
2154 1132
2349 1695
663 1261
2316 1780
1423 1169
2328 2165
13 26
1228 2278
2154 1576
1421 2244
1875 1294
2064 1569
1974 1469
1415 2450
1805 2104
2006 1191
1416 1523
2043 1210
2388 1750
2071 1399
2094 1861
2092 2311
1916 2022
1269 1785
2052 1261
1898 1403
2071 1950
1635 1830
45 1813
601 1474
1754 1746
2284 1418
2194 2341
1844 2460
2393 2007
13 2301
2209 1761
1680 2173
2177 1127
2028 1391
1269 1472
1132 1529
1204 1751
2267 1623
1844 1590
1766 2393
1967 2225
2297 1830
2445 1788
2122 2345
2076 710
2349 1710
1473 1137
2451 1635
2312 1928
1676 2363
1888 2450
1132 2175
1205 1886
515 595
1369 2062
2238 1200
2141 1895
1465 1982
2426 2363
1317 35
1515 2277
1162 2341
2195 1237
2327 1676
2134 2204
2242 2086
2356 1524
1583 2114
1931 1490
1250 2216
2460 1220
1640 2448
2426 1295
1990 2293
45 18
1696 2094
1588 1339
283 1830
1958 2341
1908 1253
2386 2450
1440 1970
1705 1526
2186 1369
1303 1867
1837 1261
2412 1692
2178 1884
2373 2332
1192 1548
2374 630
667 1919
1186 2079
2213 1894
1313 2226
1538 2177
1861 2094
1441 1756
1600 2267
2293 2296
2103 1636
2072 2403
1970 1845
2295 2070
1638 1686
1446 1486
2430 2241
1354 1622
2137 2107
2303 2065
1252 1838
1538 1232
1354 1689
2343 1577
1764 1869
1968 1695
1291 2450
1918 607
1930 1594
1454 1287
2359 1522
1416 630
1494 1575
2354 2199
1883 1523
2064 1261
1298 1537
2280 2301
1237 2195
1556 1936
1569 2201
1903 1685
2173 1622
1906 2094
1401 1971
1968 1233
1844 2341
1349 2414
1187 2238
1990 1261
601 1261
2198 2158
1809 1251
1894 600
1467 1253
1440 1998
1315 2094
595 513
2223 2103
2077 2394
1317 1426
555 262
2056 2256
2044 724
1209 1759
1477 1314
286 228
2254 1866
1915 1805
2131 2060
1349 1898
1132 2160
2446 1981
1820 1696
262 2079
1930 1448
1881 1418
1275 2063
2373 1445
1807 1220
2412 2265
1703 1785
1311 1884
1446 1252
2457 2350
1543 1218
1572 1369
1585 1330
1465 2181
1969 1750
2010 1929
1868 1511
202 2390
1422 2312
1658 1715
2006 1586
1519 575
515 600
1548 1291
2104 1522
719 1253
1164 1759
1690 1366
1378 1175
1607 1529
1574 1251
1609 1539
1458 2160
1151 2099
1640 1251
1181 2115
1403 1819
1289 1388
1609 1702
2432 1996
2026 1430
1431 1979
1495 1970
2215 1779
1202 1961
1855 1941
1279 1819
1965 1877
2206 1127
1446 2298
2146 2186
2282 1182
2081 1702
1600 1939
1648 1575
2267 1474
1431 2022
1849 2244
1431 2037
1593 1586
2396 2269
2426 1137
1919 1587
2316 2019
555 1301
2449 1469
1489 2173
1951 2431
2379 2414
2068 1785
1283 1806
1723 1143
1443 1272
1774 1764
1949 2114
2318 1350
2006 1830
2429 1607
1241 1287
1817 1680
2079 1750
1383 1132
1431 2099
1317 2296
2449 1441
1632 2377
1132 2171
2280 1236
2216 2020
2211 2137
2320 2065
1770 1467
591 1684
2436 1712
1160 1702
1186 1523
29 2074
1882 1464
1787 1919
2127 1501
1540 1280
1780 1203
601 1919
2033 1714
2019 1805
1802 1665
9 2096
1196 1266
1604 1132
2019 1445
2388 2161
1689 1830
1348 2269
1873 1369
1324 2094
1837 2329
1510 1543
1926 2350
1509 2184
1574 1711
1461 1806
2234 1388
2003 1622
1128 1234
1811 1821
1971 1256
1382 1850
2388 1523
1809 1927
2295 1179
1574 1227
1984 1928
2143 2311
1693 2297
2280 1642
2222 2084
1408 1905
2299 1469
1989 2204
2016 1885
663 2201
1411 2084
1950 600
1965 2290
1599 2153
2401 1145
1898 1127
1805 1445
1205 1759
1328 1989
1369 1529
2056 2450
1770 710
500 1534
1475 2094
1231 1666
1218 1258
2133 1542
1916 1326
515 1369
1950 1785
1337 1582
1531 1306
527 710
1126 2305
1329 1291
2289 1522
1422 1485
1908 724
1915 1592
1812 1947
2177 1282
2393 1730
2398 1578
1908 1606
1730 1986
1470 2240
1538 1979
2297 1575
2242 1758
2256 1508
1465 1515
1802 1840
1870 1807
1356 1807
2431 2096
2327 1128
1862 1939
1696 2006
2216 1263
1147 1755
639 1414
2211 2431
1236 1689
1849 2209
1230 1895
2215 1403
1887 2124
2354 1407
1721 1381
1676 1145
1692 1550
1742 2311
1526 1830
1465 1702
1548 1569
1676 1643
1615 600
39 1234
2002 1176
1343 1370
1940 1752
1643 1512
1205 1785
1544 1582
2193 1261
2071 2056
1512 1861
1723 1949
1579 2107
1678 1307
1451 1622
1315 2006
555 2388
1849 2160
1538 2410
1331 1661
2037 2022
1475 1830
1827 2364
1132 1534
1624 2285
1667 1739
2410 2022
1676 1904
444 387
1208 2105
1629 2253
600 669
444 1247
1969 1595
2328 1142
2124 2052
2139 2245
1703 1885
1992 1411
1331 1279
2183 2269
1794 724
1907 1141
1275 2157
1463 547
1519 2304
1253 2138
2323 1215
1830 1145
2261 2204
1939 1182
1788 1985
591 1411
1451 1639
2447 2317
2098 1616
2289 1234
1775 1476
2341 1220
662 2056
1894 1999
1538 1981
1276 1333
2314 2376
2383 2305
1461 1144
1643 1526
1264 1201
1197 1575
1824 1555
2310 1925
2256 2341
1389 1730
1308 1469
1906 1830
2146 515
2153 1938
1265 1177
2068 1607
2086 2311
2346 1764
2240 1482
1233 1666
1785 2386
1184 2270
1478 1920
1915 1613
1231 1680
1463 1324
1208 2385
1528 1282
1967 2403
1431 1738
2081 1739
1818 1942
2324 1677
2401 1643
2028 1441
1205 1399
1742 1370
1253 1135
1526 2335
1491 1661
1506 2161
1359 2207
1375 1326
98 39
1593 2094
1402 555
2181 1807
2115 1837
2375 1954
1489 1867
1247 444
2191 1878
1802 1710
2316 1483
1319 1738
1814 1153
1498 2211
1862 1205
2086 1951
1208 1748
1275 1760
1186 1135
1940 1395
1208 1960
1643 1861
2236 1526
1783 2090
1519 1287
1391 1725
1915 2325
2242 1555
2247 1207
1782 1485
1391 1145
1824 2171
2460 2181
2008 1132
1814 2240
1820 2301
1990 2296
1494 2297
2209 1285
1283 2269
1132 1502
2053 2413
2322 1702
2056 1220
1709 2228
1383 1935
1978 2228
1611 1141
1173 1953
2072 1953
1615 1894
1615 1781
2072 2096
1322 1136
2291 1223
2426 2406
1415 1576
1610 1975
547 619
2281 1376
1623 1759
1934 1490
1742 1555
1643 2224
1322 2365
1280 2116
2063 1352
1147 26
2394 2107
1446 1295
1482 1811
1474 1527
1968 2240
286 308
1906 1163
1132 2350
1569 2450
1878 1493
1648 1149
2329 1485
2211 2096
1904 1141
1805 1207
2459 2184
1949 1137
1648 33
670 1534
1770 2079
2384 2042
1223 1884
1196 1238
1918 710
1522 1372
1590 2048
1242 600
2076 1794
1205 2077
1469 2014
1537 1298
1162 1590
1318 565
2301 1575
1533 2090
1628 1296
2214 1919
591 587
1695 1582
2374 601
1868 1319
1808 2352
1765 1832
607 652
2342 1979
1967 1939
1703 1417
665 619
1208 1737
2166 1857
1321 1312
1278 2076
500 515
1723 2363
1382 1982
1326 1403
1822 1488
1489 1695
1860 2201
202 1855
2104 1636
2333 1598
2316 2104
1454 2339
1987 1341
1834 1261
1161 1751
2398 2136
2430 2062
1979 2037
1341 1412
1164 2444
1820 1307
1458 1570
1544 2184
1439 2148
1228 2090
2123 1487
2374 2360
1647 1562
2185 2093
2292 1455
1208 1850
578 2079
2120 1981
2261 1153
2083 1919
2050 1358
1396 2269
2393 1369
2206 2400
2016 1785
1625 2428
1317 1664
2103 1496
1950 1888
1446 2313
299 630
2261 1263
601 724
1538 1941
1720 1306
1610 1422
1904 1549
1854 1519
1292 1220
299 2079
2022 1898
1875 1961
2301 2269
2210 2005
1474 1496
1342 1259
1817 2107
2069 1220
2206 1779
1642 1145
1990 1748
2054 1981
1643 2055
1487 1132
1199 1535
1851 2213
2017 1957
1178 1510
1406 1524
1307 1324
2081 1296
2172 2387
2255 1737
710 562
2223 1920
1990 2350
1312 2406
670 595
1759 1707
2203 1885
1809 1445
1686 1261
1640 2408
1470 1733
1158 1960
724 1523
2220 1717
2412 1914
1787 1129
1867 1666
1208 2433
1667 2410
1457 1739
2455 1508
1205 1132
2094 1576
1984 1324
2213 2311
1646 1982
1739 1982
1848 1307
1399 1702
2240 1680
1608 1391
33 1452
2387 33
1440 1672
2026 1830
1583 1395
1760 1988
1162 1263
1708 1617
2066 1666
1654 1252
1898 2022
1904 1326
2028 1479
2262 1508
1849 1369
1766 2050
1369 1656
1572 1730
1723 2034
2022 1982
2066 1789
1617 2392
1401 1141
2000 2357
2234 1622
2446 1395
1162 1169
1511 1326
1839 2037
1491 2017
1458 1730
1511 1143
1303 1239
9 45
280 1523
2204 1234
2324 1287
2383 1140
564 724
1612 85
524 1677
13 104
2028 1949
1132 600
2346 1312
1262 2410
2281 579
2396 18
1782 1318
2455 1221
1916 1982
1698 1962
2000 1213
1805 1927
1820 2280
2263 1312
1950 1894
2459 1261
1126 2450
1151 1282
2275 2196
2324 2403
1557 1177
567 1209
2255 1382
2254 1850
2156 2215
1599 1371
1561 2079
1862 1950
1487 1815
1432 1133
527 2397
1132 2043
2149 1759
1467 630
1984 1437
1676 2313
1541 1467
2067 299
1603 1365
1802 1570
1849 1376
1948 2264
1945 1620
1318 1627
1886 1169
2280 1593
1979 1174
1205 1401
1883 1662
1307 1586
2058 1200
1852 1945
575 2404
1458 2393
387 450
308 1805
2072 2324
1640 2389
1774 2245
2115 2104
1533 1307
13 18
601 2161
1926 1665
1885 1182
2186 1384
2172 1830
500 1369
2211 2056
1829 1817
1476 1666
1852 1441
1208 1158
1483 1372
1849 1570
1346 1631
2426 1981
1458 1369
2449 1152
2058 2010
2053 1372
1705 2085
1638 1509
2095 2084
2428 1877
1548 1784
1132 2222
579 500
1821 1970
1512 2241
1489 1666
2280 1414
2243 2169
1597 1252
2043 1307
1806 2107
1544 1316
1631 2065
1764 2078
2365 1252
1544 280
670 1385
2255 1508
2156 2022
1222 1236
1849 2393
1346 2107
1775 1695
2063 387
1275 2009
2173 1575
600 1369
1891 1837
1128 2430
1441 1222
1184 2307
575 2277
1837 1702
1820 2090
1139 1575
1838 1252
1685 1819
1998 1440
1473 1981
2316 1445
1475 1642
2167 1144
1429 1782
1533 1804
1635 1642
1642 2006
1516 1207
1132 2304
1132 2085
2444 1808
2067 652
1575 1575
1741 1261
1316 1986
2193 2121
2321 1220
2213 1607
1663 1935
1750 1135
595 1385
2424 2120
1764 2406
2449 1400
1292 1314
1908 2079
2191 1971
1965 1485
2084 1784
1208 1745
2012 2363
724 2065
1233 1418
280 2388
1907 1590
1181 1326
1852 1981
2223 1877
1613 1132
1200 1326
1926 2412
2115 1234
2019 1927
2229 1153
1346 1788
2083 1582
1381 1898
639 1925
1208 2249
1451 2234
2327 1316
2181 2341
1583 1589
2426 1996
1652 2297
1812 2450
1528 2022
1870 2392
1650 1132
630 280
1257 1474
1908 1662
1381 2352
1470 1582
2165 1945
1238 1266
2302 1586
1431 1982
1908 2416
1836 1808
1421 2393
1205 1141
1775 1867
2151 1261
1369 2160
2314 1964
1623 1132
2179 1819
84 1813
1523 1135
1410 2104
2225 2186
595 600
1578 2116
1615 1369
1951 2311
2063 1153
669 686
2026 1696
564 1523
1591 1157
2177 1979
2110 2088
667 2187
2008 2304
1608 1473
1613 1609
1814 1835
1647 2154
2273 1881
2361 1524
1989 228
2012 1391
601 2079
2436 1576
1708 2176
1687 2383
2342 1981
1821 1982
2280 2094
1498 1132
1525 1779
2357 2094
2401 1526
1924 2410
2305 2171
2412 1274
2081 1613
547 1324
1943 2201
2269 33
1263 1219
1531 1509
2016 2107
567 2079
1197 1554
1958 1628
1739 2171
1643 2253
2373 1805
2073 1702
2154 1739
2081 1141
2214 2161
2220 1696
2238 1310
1184 2412
665 547
1515 1141
1887 1919
1977 1817
710 1129
1132 2450
1754 1928
2154 2062
1337 2065
1493 1898
719 1394
1811 2176
1617 2399
444 1397
2319 2003
1474 2319
507 1261
2119 1545
2438 2264
1390 1252
1334 1191
1720 2240
1454 1807
1654 1989
1810 1182
2223 2104
1665 1748
2239 2136
1746 2007
2312 33
1895 2065
1487 1666
2267 1759
2179 1903
2191 1493
1948 1367
2449 2014
575 1508
515 1287
1339 1739
1495 1282
630 1523
1821 2037
2269 1575
2126 1665
1205 2394
1339 1779
2298 2116
1754 1367
1208 2254
1408 2393
259 286
1687 1642
1531 1815
1603 84
2240 1789
1399 1886
213 1502
1738 2022
2191 1898
2232 1324
1402 280
2146 1220
2301 2315
1169 1702
2213 1999
1708 2352
527 663
1746 2269
268 1324
2124 2161
1326 1739
2274 1880
1470 1695
2034 2446
1661 1564
2457 2083
2359 1445
1450 2403
2373 2262
2240 1817
13 1210
1934 2096
1844 1515
1764 1312
2354 1460
1308 1234
1952 1547
1588 2022
1411 1609
1264 2254
1783 1861
1342 1334
1652 1689
1279 2453
1141 1982
1897 1469
1655 1894
1662 1750
2272 1643
1569 2184
2312 1951
2283 1133
1965 2248
710 299
1617 2277
1497 1472
2348 1622
2402 1132
1949 2432
1319 1898
1689 1586
1132 1191
724 2079
1820 2006
1632 1637
1331 2017
1878 1127
1343 2154
1422 1313
1652 1348
2242 2380
1821 1845
1940 2116
1403 1127
2073 1294
1264 1960
1423 1702
1512 1643
591 1182
1419 579
1132 1692
2186 1502
1743 1503
1631 1132
1419 1425
1600 1947
1276 1183
2395 1779
2236 1779
1597 2104
1177 1261
1643 1830
2260 2062
1693 1929
1906 1586
1132 1372
2358 1690
2278 1830
2214 1261
1410 2162
1778 2025
2168 1731
1889 1861
2056 1132
1839 1738
2177 1982
1208 1184
1198 1823
2354 1858
1226 1366
1319 1941
2410 1898
1989 1328
1888 1417
1213 2357
555 2079
2106 1883
2341 2047
2322 1141
1203 1483
2412 1550
1989 1496
600 515
2341 1551
2350 1982
2266 2015
1208 1993
500 600
1774 2006
29 1949
1253 2388
602 2450
1989 1601
2204 1483
1720 2164
1247 1522
2386 1607
2374 1750
1854 1623
1934 2431
1246 2336
1810 2084
1390 1945
1885 1939
1426 1191
1253 280
1359 1575
1984 1248
2207 2269
2223 2142
1538 1403
2233 2450
2068 1502
1766 1746
2220 1430
2154 639
1319 1979
2172 2207
2367 2429
2328 2023
1958 1141
2323 1306
2263 2116
1208 1455
1890 1982
600 595
1449 1642
1583 1981
1687 1674
1317 2220
1688 2437
1132 2431
1489 1550
1607 1182
2346 1578
1526 1899
2325 1982
1926 1914
2341 1508
1898 1982
1894 2430
1860 1261
1583 1945
1241 1870
2209 595
2331 1740
2426 1145
1796 1384
1399 1141
1411 1939
1417 1947
1431 1697
2261 1234
2081 1169
1834 2121
1742 2310
1655 1953
2137 2096
1384 1210
1396 1928
1844 1399
2115 1522
1967 2324
18 2301
1528 1779
1162 1515
2261 1132
1931 2174
1239 1666
1738 1779
1205 1598
1544 1730
1689 1575
213 1411
1410 1199
29 1366
1778 724
1211 2404
1155 1467
85 1127
2460 1807
1989 1904
1208 1699
1147 2396
1772 1489
213 1785
1951 2096
1494 1689
2317 2447
1321 1675
1493 1127
1447 2151
1860 2130
1597 1483
2235 1252
1581 1725
2324 1656
1648 2387
2072 1316
2235 1709
1241 1499
2311 1622
1461 1875
2268 1606
2449 1482
2272 2363
1824 1925
2072 1351
1919 2151
1590 1341
2058 1929
1855 1811
1458 1413
2439 1970
2113 2180
1906 1861
1260 601
1877 1920
2189 1445
1542 2133
1240 2065
1613 1702
1331 2038
1127 1982
2314 2372
1580 262
1612 2410
1260 2079
1494 1354
1662 1609
2460 1886
1369 1986
1647 662
2263 2298
2391 2392
1132 1287
2058 1575
1583 1295
2072 1358
1454 1535
1335 1355
1735 1623
1667 1326
2069 2403
1848 1513
1321 2298
2217 1993
1703 1939
2128 1455
1132 1365
2139 1744
1260 299
1132 1953
1297 2278
2280 1861
1642 1586
1369 1287
2177 1811
1743 1619
2314 2066
2063 1666
2356 1988
2038 1819
1849 1458
1498 1925
1774 1864
1208 1373
1348 2238
2053 1706
1132 1831
1640 1145
1849 1710
1521 2396
2322 1837
2266 1584
2213 2431
1907 2430
1133 1736
1132 1450
1939 1291
2306 1981
1206 1253
2222 1502
2037 1385
578 624
1873 1385
2204 2413
2089 1159
2320 1261
1169 2088
1597 1545
1389 2050
1375 1832
441 1511
2209 1986
2239 1578
2238 1830
2297 2090
1553 2383
1307 2094
2367 1815
1615 515
1849 1953
1906 1689
1382 1151
1766 1500
1206 280
1770 724
2283 1282
2396 26
2336 1830
1890 1823
1755 2396
2229 1549
1132 2174
1680 1702
2293 1664
2410 2215
591 2016
1851 1843
1973 1200
1652 2173
2219 1710
2211 1468
1230 2161
2101 1290
1312 1996
1680 1550
1379 1759
2379 1709
1222 1593
1438 1922
1950 2450
1967 2186
1208 1692
2160 1986
1519 1860
2379 1360
1583 1949
1604 2392
1905 1421
1643 1912
1483 1252
1457 2011
2181 2392
2281 1241
2368 2400
2434 2118
2139 2443
2154 2056
2280 2315
1892 1508
665 1385
2439 1282
2348 1928
2311 2096
1339 1979
1462 2396
18 1689
2110 1238
2289 1169
1498 2409
1276 2244
1139 1354
1858 2097
2081 1939
1779 2206
1396 1179
1655 1369
2209 1534
1803 1477
1947 2450
2295 1354
2063 2437
2269 1847
2327 1470
2076 2079
1773 2383
2304 600
1573 1244
2238 1187
1447 1261
2239 2120
1351 1689
1761 1656
1205 1817
2396 1689
2146 550
2207 1689
1967 1656
1689 2269
1924 1522
2449 1281
45 84
2410 1127
2108 2385
1461 2311
1811 1979
1147 1602
2172 1575
2026 1509
1862 1417
1445 1522
1406 1657
2272 1145
1196 1330
1849 2186
2449 2427
2124 1129
1681 2392
1849 2182
2141 1860
1349 2040
724 1225
2283 1195
1918 1467
1704 2349
1491 1957
1493 1981
1476 1482
1251 2454
2142 1838
1482 1748
670 515
35 1945
2343 2086
1655 595
2111 1220
1132 1982
1226 1345
1269 2016
2238 2269
1132 2403
1283 1354
1374 1369
1940 1312
2236 1326
1139 2207
2394 1141
2290 1920
2460 1515
1611 1613
1789 1141
1899 1526
2050 1413
1192 2025
1576 2094
2436 2110
1635 1945
1257 2366
1790 2032
2235 1568
1708 1979
1226 1864
1892 1853
2267 1872
2234 1552
1696 1830
1814 2063
1515 2430
2432 1364
1126 1270
2453 2032
663 2079
1590 1508
2354 1639
1576 1830
601 1225
2310 2154
1848 2061
1892 2152
1854 1132
2367 1539
2407 2035
1139 2269
2342 1511
1590 2181
1787 2184
1836 1503
2314 1721
2240 1982
1465 1169
2247 1465
2124 1919
2031 1268
1805 228
1959 2016
1262 1372
2438 1552
567 1563
2044 2258
1946 1739
1686 1259
2091 1792
1494 2396
2446 1471
1541 1653
1780 1522
2306 1185
1889 1830
1132 2430
602 513
1766 1183
1906 1889
1852 1226
1600 2230
1852 1826
1416 724
1394 280
2297 2396
1857 1354
2314 2216
241 1738
719 564
2400 2368
2331 1869
708 1759
1419 2324
2437 1406
299 2388
2184 2450
2077 1789
1916 1916
1635 2278
1519 1935
1897 1435
2029 1277
1989 1353
2361 1406
1423 1886
1933 1919
1851 2137
1715 1392
1203 1445
1907 1401
1605 1808
2435 2245
2280 2297
1475 1191
2242 2050
1607 2084
2243 1193
1964 1649
1914 1692
1662 1883
1141 1598
1132 1369
2289 2200
2076 280
1186 2138
1509 1788
2306 1902
1168 1900
2351 2028
1861 1889
1148 1587
1438 1697
1989 1817
1785 1659
1431 1151
663 2065
2189 1669
1659 2084
2370 2305
542 1806
1934 2137
2081 1785
1474 1207
2446 1391
2233 2082
1860 2186
1643 1586
1774 2078
2017 1685
1597 1732
2401 2169
1763 1721
1296 2341
1230 1919
591 1885
1205 1609
2289 1263
1855 1738
1859 1304
1705 1508
1405 1369
1155 2079
2460 1141
2449 2379
1686 1384
1410 2103
527 507
2094 1586
1549 2334
2167 1380
524 513
1158 1866
1348 1830
1132 1218
1541 1666
1238 1330
2063 1645
670 1936
1956 1830
1682 1166
1221 1508
2106 724
1127 1970
1807 2107
1208 2307
1381 1979
1443 1508
2167 2135
2330 1759
1324 1830
2025 562
2392 1330
241 1127
2186 2222
2236 2047
2078 2116
1491 1685
1233 2066
1269 2441
2441 2386
2136 1170
1512 1526
1749 1430
591 1893
1151 1232
1132 2212
639 1351
1205 1220
2102 2415
2325 2392
2316 1989
2393 1746
1809 1989
1434 2241
2242 2171
1770 1261
2209 1385
2147 1176
1989 1965
1322 1713
1463 1982
1348 1652
1559 1254
2284 1767
1132 1919
1553 2094
1946 1882
1849 2050
1654 1496
1794 1666
2247 1496
202 202
2240 1212
1593 1236
1382 1167
1770 1209
1450 1936
2007 1558
2302 1334
1820 1236
2200 2231
1605 2197
2324 1936
2106 2025
1580 1467
1504 601
1402 1382
1629 2431
1221 2392
2316 1203
2432 1312
2131 1385
670 2279
2293 2350
1321 2116
1557 1191
2302 1191
1682 1754
1317 1665
1261 2353
1186 1750
1399 1823
2442 2151
1531 280
591 1607
2230 1885
1572 1376
268 2309
2233 1823
2081 1609
1393 1635
2025 1261
2090 2301
1294 2205
1723 1471
1419 1499
2043 1420
2270 1167
1434 1468
1193 58
2282 1898
1181 2104
1483 1522
2399 1536
1881 607
1668 1663
1287 1986
2061 1236
2355 2204
1800 1705
1681 2404
1849 1132
1184 1167
1649 1721
2156 1403
2261 1645
1476 1872
2297 1889
1390 1571
1939 2450
1918 724
1974 2414
1597 1496
2010 1961
1519 1872
1653 1666
1593 2280
1519 1502
665 1324
1276 1408
1802 1369
2238 2010
1647 1555
1441 1433
1192 1291
387 2413
1359 1806
1889 1586
2066 1153
1538 1224
1346 1261
579 515
2139 1996
1569 1947
1271 1758
1583 1137
1687 1171
1208 2252
1482 1511
1205 2341
1411 1182
2115 1636
2383 2010
2261 2152
2177 2390
1265 1129
1494 1693
1600 1785
595 1287
2058 1875
2092 26
2081 1886
1648 1875
441 1371
1588 1982
2261 1596
1934 2174
591 1785
1151 1738
1998 2395
1335 2439
2081 2184
1820 1305
1260 280
1755 2387
1901 1941
1720 1474
2134 1445
268 1869
1854 1987
2121 1261
2358 1632
1937 1564
2401 2253
1493 1982
2438 2243
1750 1523
1591 2028
1658 1843
1408 2244
1543 1377
1572 1307
2229 1645
1487 1296
2071 1553
2457 1208
1595 2447
1478 2329
1187 1830
2048 1668
663 1587
1487 1313
1885 1785
2289 2420
1472 1261
1844 1465
1553 1324
1848 1458
2119 1877
1526 1145
1203 1522
1820 1222
663 2187
2072 1369
1480 1281
1321 2018
1155 555
1416 299
1673 1279
2005 1750
1723 1826
524 1385
1132 1832
591 2441
1879 1261
2129 1860
2281 1132
2229 2004
2073 1980
2372 1871
2275 1586
1749 2085
1591 1816
1151 1403
2398 2120
2181 1330
2194 1515
1241 1534
1689 1385
1652 1575
1236 1586
1875 1575
1894 2431
2323 2118
719 2079
1902 1956
1798 1566
2281 1419
1848 1183
2267 1767
2073 1916
1324 1385
2166 2412
1531 1420
1595 1151
1667 1403
2436 1261
1943 1261
1892 1575
1447 2065
2019 2189
2047 1935
1811 1127
1581 1137
1990 1664
2287 1153
2334 1823
2139 1764
2026 1749
2134 1483
1894 1287
1749 1582
1794 2161
662 639
2492 2546
2547 2523
2493 2524
2530 2513
2536 2540
2527 2469
2484 2534
2463 2547
2480 2469
2480 2479
2522 2480
2493 2478
2547 2482
2472 2494
2522 2554
2484 2503
2489 2475
2472 2501
2489 2464
2480 2501
2472 2486
2484 2477
2530 2501
2492 2490
2493 2519
2530 2527
2527 2507
2547 2552
2543 2462
2550 2543
2541 2504
2531 2510
2531 2535
2463 2480
2543 2550
2463 2538
2549 2520
2497 2521
2547 2480
2508 2485
2515 2483
2514 2498
2547 2483
2531 2496
2463 2526
2536 2542
2489 2502
2498 2514
2493 2486
2530 2486
2522 2473
2522 2516
2523 2552
2532 2552
2541 2471
2518 2552
2488 2467
2536 2553
2465 2486
2472 2473
2492 2525
2547 2476
2536 2490
2463 2506
2527 2501
2541 2539
2499 2511
2523 2476
2523 2512
2549 2517
2523 2529
2536 2535
2515 2464
2489 2474
2464 2491
2518 2487
2518 2495
2472 2544
2532 2470
2549 2548
2549 2522
2472 2480
2536 2468
2480 2513
2541 2528
2547 2538
2463 2500
2541 2464
2492 2483
2489 2519
2547 2529
2549 2528
2493 2466
2523 2480
2527 2513
2523 2483
2527 2480
2489 2505
2489 2478
2541 2475
2511 2499
2462 2543
2489 2504
2492 2542
2492 2509
2493 2552
2463 2528
2549 2533
2481 2537
2508 2545
2521 2497
2549 2551