1669 1289
895 2027
1269 1269
453 1350
1587 1009
991 741
1770 1369
795 390
1278 1995
1839 1523
1874 533
737 939
1159 488
993 1
424 463
1625 1751
1844 656
24 1278
1277 1586
999 47
217 1522
1669 433
1894 1578
1159 1048
1839 1845
1159 178
511 90
737 1198
383 730
993 1512
1277 205
1792 479
1369 1743
798 659
818 818
1120 1731
359 1768
31 1792
1159 2018
1323 1510
511 668
1674 521
1987 620
390 1697
1669 1394
1580 339
1839 2012
1586 1680
453 1012
1768 1587
453 1690
1839 1547
999 1974
1813 1876
1377 259
1874 963
1706 1061
1550 1287
246 101
1576 585
1278 939
1706 302
1159 1610
1874 265
1254 111
1550 1149
1287 1698
465 306
1277 369
690 1751
1998 1663
895 1544
585 1839
1159 1446
1159 56
1550 728
411 1706
120 120
246 1736
852 1894
1706 954
1669 1846
1706 1181
737 1409
1 1375
350 603
1198 92
1274 891
1277 1619
1258 1194
1369 1522
14 1369
1998 903
1669 749
1159 1586
1669 274
457 1706
511 1019
829 535
246 651
45 1844
1277 1039
839 233
1669 894
1768 1358
1876 1658
1874 1430
1706 1890
453 1957
1159 367
1874 1580
350 1539
1254 733
869 850
1258 1011
1278 1751
1669 1235
14 737
217 411
1159 2000
329 702
453 1184
1874 732
1874 1906
1430 104
1550 329
1770 1878
1274 1965
691 2027
1258 585
1440 1468
363 1706
217 1323
306 1878
1669 581
1159 1690
1874 473
453 998
1874 34
457 21
737 1580
350 151
1369 1792
1669 1082
547 1840
1874 949
1839 965
511 992
1874 1684
1674 1878
1994 132
246 1517
999 90
1520 1918
1578 656
1874 251
1 686
1586 817
453 1619
1377 1618
1 1423
1587 1369
1258 84
943 1874
45 605
248 76
1258 1792
585 1670
585 1241
841 620
1706 1353
825 298
1874 1312
1963 1706
993 697
1440 345
465 1792
1440 1144
547 734
895 529
713 151
511 1974
1874 614
1377 1222
1874 1203
1179 1674
1770 90
1 1766
1998 1899
1669 1865
1706 1989
1159 1263
1874 940
1874 1090
1625 1369
246 645
1955 1022
278 560
1669 1204
34 1974
1669 2010
1669 405
1140 40
1874 1566
713 1780
453 839
1874 718
1874 1892
1 1870
1587 536
903 723
1096 1746
45 1992
763 997
217 1858
1998 1987
1669 1825
1998 34
1874 459
1906 1365
1 52
1874 1194
453 1918
1198 1578
1587 1587
1974 1453
1669 269
1669 728
1833 1801
1159 691
1874 1670
993 38
511 301
1 1235
246 811
1258 55
1591 795
1669 1987
1768 1912
246 271
1369 1580
1706 1685
1669 1018
1876 616
1625 355
1254 154
246 446
1018 248
1874 450
737 1453
1159 998
1963 1833
1194 1453
1258 376
1669 1045
1159 1558
453 1122
1 1982
737 961
1952 353
1369 939
1701 618
1998 1587
34 1992
1998 1369
547 1121
1706 615
1874 817
453 1267
453 1614
1159 569
1874 1402
1274 1445
1287 1328
1369 980
1277 1881
691 106
1258 1440
841 1894
217 585
1669 552
1813 1619
1874 119
1586 1751
1727 924
1874 1878
1522 1974
1 1283
1037 430
999 295
1669 1368
1669 1811
737 1608
453 399
1144 1453
1159 991
1159 426
1874 1180
1467 1899
1550 1748
278 33
737 873
999 1992
1792 829
943 817
1669 1513
1669 1956
1669 383
511 1767
882 386
1874 1506
511 585
1278 1309
1701 531
1580 1380
1669 53
1580 656
453 342
1 1824
511 21
1874 1547
999 1198
869 895
1629 1586
1629 1277
412 1674
1669 1004
1 1284
1258 219
943 841
1278 723
547 167
1669 1820
1669 674
1874 1
1874 586
993 472
539 1563
1258 362
1669 1031
1706 1977
1430 1011
1323 1751
1874 1501
1874 1062
1674 257
1269 1673
1287 1169
498 895
155 895
999 1878
999 1309
1669 1192
359 329
585 1440
453 351
1159 1120
1377 854
272 272
1727 829
1 1849
1987 1258
151 93
279 1876
852 1501
1833 829
1580 1855
585 1278
1669 981
1874 690
511 852
1377 1853
1522 1960
1770 22
1254 378
1625 1833
350 1912
691 895
1277 1287
1792 1440
1706 907
1963 104
1 16
453 1287
453 1874
2027 1955
630 1619
1380 1453
1906 425
1159 1661
457 711
424 569
1258 945
217 1144
1833 104
1669 845
1 644
1874 794
1874 1383
203 151
1839 395
1 1509
718 492
350 1061
1258 186
120 1963
585 25
841 999
1669 515
1874 96
1037 1773
999 1638
1258 1580
1669 1459
1669 1806
1874 1011
1712 1946
1159 970
1278 1144
852 411
999 585
1669 1033
1669 1951
1833 411
1874 898
1874 1487
457 1839
453 2028
1876 1272
278 1178
1144 411
1287 1618
1369 903
1629 630
1258 1742
1706 148
1706 1761
1874 1963
1 1534
1930 3
1987 1839
1258 165
1440 629
1974 344
1669 1323
1501 1278
1998 153
1963 412
1768 1770
1159 946
1 526
1 1391
1287 990
411 1899
869 1718
1277 1305
1998 1833
1079 1005
536 1844
1159 1396
1377 1720
1 1176
1073 1011
1254 1373
794 794
999 1467
1669 1944
1669 814
329 2027
1 1606
419 1011
993 519
1987 1927
466 1365
1440 1218
1018 76
1669 484
585 1792
453 330
1874 1369
1144 92
155 1011
137 1706
246 1683
1974 339
1669 1775
1874 1256
702 56
817 104
1669 1904
1669 203
1669 646
1377 493
453 620
203 1727
1377 1038
1323 316
1 123
278 1317
1287 1124
702 1500
863 1253
403 1858
1792 1674
1669 1147
713 1618
1669 1921
1906 466
1669 791
1706 1494
1499 485
1874 1034
903 1198
1510 39
869 165
1278 1269
999 411
1669 1607
585 1782
1706 134
1669 952
1727 849
795 1777
1258 151
1578 92
1669 1768
1120 220
585 12
412 1080
1874 77
453 799
1159 928
1377 1881
993 396
1213 231
1287 1435
1987 1706
449 785
1278 829
1501 1974
1706 879
1768 1501
1963 539
453 928
1159 1386
453 1846
203 853
1874 1727
1037 767
1894 411
737 903
1291 723
1097 589
1669 325
1 314
1377 1485
1839 574
1377 1595
1839 117
1839 899
1 2029
1550 1126
246 787
246 1063
1706 564
1669 1600
895 820
620 1706
882 1694
203 620
737 1291
350 379
301 301
211 211
869 2027
1992 1239
895 590
1159 1720
1839 1663
737 1380
453 1363
453 1710
817 1751
852 1541
691 279
1278 403
895 991
1874 1133
1287 655
993 1388
869 1586
453 1082
1839 904
1 2022
702 702
1680 1492
1587 1399
993 1920
1974 1194
1669 479
453 293
1894 1501
419 1878
1876 2006
1291 92
794 604
869 56
999 1586
1258 153
1792 12
1667 50
1706 974
31 24
1619 333
1198 1974
1287 1876
943 1942
246 505
895 1906
396 1920
547 1216
453 583
1874 539
1159 807
1159 498
1987 245
1 411
904 1011
1952 1104
1369 558
761 480
1839 1839
1768 1839
1287 789
278 1762
1906 1594
1839 1227
1987 476
1770 539
1274 1508
1287 1393
1998 1110
713 250
1839 2006
1144 1992
1586 620
278 460
1278 1992
1792 1767
1120 1510
1669 1876
1669 762
453 245
1159 1599
1768 1927
511 1751
1377 1757
737 1084
1987 817
45 939
1440 1398
1833 603
841 1998
1669 2021
895 1287
1742 1182
203 1576
511 526
453 1970
1701 921
1998 852
1998 265
453 279
1159 2013
1377 1345
1874 747
1874 158
1942 737
246 919
1258 580
410 1179
691 176
1669 1393
1159 1906
1159 1337
1 612
1874 1808
1963 1751
1510 1785
863 524
1987 1670
869 443
869 630
1844 403
265 1471
217 1942
453 585
882 1952
453 1503
1874 960
1587 1501
1792 1011
1159 1040
1159 369
1874 1586
1287 1693
1440 898
266 511
1501 1777
1669 1700
1669 127
1998 863
1669 901
1874 153
1159 1441
1159 620
1874 1912
1894 92
1963 350
1274 348
278 144
1278 1899
852 1706
1440 1552
1998 1440
1874 479
737 1578
1159 1334
1874 629
1159 72
1874 1214
1198 1995
1992 1858
895 1011
1874 366
246 648
1151 217
1241 1839
1669 1564
841 1587
620 732
882 1377
1874 257
511 1706
453 1956
1874 1581
1987 1878
999 429
1578 403
1669 120
895 209
1669 910
1727 66
1159 613
1768 829
203 84
1287 127
1748 476
737 723
1278 295
1669 1379
713 1287
453 426
1874 620
453 1328
453 1675
1874 1794
1874 35
1510 479
943 1151
1669 1871
895 1016
841 817
34 1782
1874 1096
1878 479
1291 403
1287 1538
999 1844
1576 1369
453 369
1874 1422
453 1618
1159 359
1874 2011
1287 889
419 628
1629 98
1669 1243
1874 724
453 1192
148 795
1274 1103
702 556
1952 59
1274 1528
278 162
539 535
1151 1874
691 135
585 904
547 1300
1874 465
1159 1881
1874 615
453 1337
1874 1200
1963 22
1 1765
993 1671
2027 245
691 1495
1792 1731
580 757
1706 739
1683 1834
1998 1501
1159 1262
1768 440
165 479
1159 463
1287 282
1587 1328
999 903
1277 1024
547 341
1669 1550
727 727
34 45
1706 1454
1159 1968
1706 1877
1874 1417
1874 2002
1767 1680
1369 1578
1440 1025
1701 1630
749 749
511 1833
1839 350
1369 890
465 1731
1706 481
1159 1675
453 412
1874 21
1586 1278
737 1597
1550 1393
1956 1500
1440 885
1906 386
895 1796
1669 1510
1874 347
1874 932
24 526
1254 1986
1669 413
1669 872
1874 234
453 702
1874 1408
1159 142
993 150
691 1287
1369 120
869 1287
1278 1844
412 1717
1874 125
1874 710
1874 1299
457 1009
1 552
737 1331
1587 1674
1874 12
511 1522
1159 993
1587 1425
465 628
155 1287
34 1453
1998 992
1669 704
1963 1522
1874 1662
993 993
1952 1500
999 64
1669 1189
465 1510
895 435
1874 229
329 1878
1874 1988
702 630
539 1767
246 850
691 1881
1258 539
999 465
895 702
895 256
1706 1315
1874 1290
1963 1680
1587 511
1987 1731
1701 331
1706 467
1998 45
1874 442
1159 1860
999 1995
1258 829
1706 732
1669 1512
1998 92
1159 1550
1669 713
1874 918
1839 535
203 350
1 451
278 1851
429 1477
852 1963
1151 817
998 702
120 1839
585 1899
1669 858
1839 1767
1144 1239
737 74
511 419
1430 1212
1505 1354
246 1145
412 420
1669 1674
217 511
1874 1285
1274 1993
151 436
246 1906
1669 214
585 1586
1874 437
1768 1541
539 829
411 1844
411 21
453 205
1839 1919
1073 1974
1440 521
895 417
1159 1123
1874 800
1874 1974
1874 1539
350 832
1989 1989
47 1278
999 824
585 1706
1669 537
1833 1488
535 1685
453 826
1159 1520
1874 1276
1287 1462
1453 1844
246 1251
1706 1131
1634 1107
453 971
1159 1281
203 511
1874 1167
1894 939
367 1706
1701 206
246 2020
217 1998
1669 1498
1669 352
1906 572
1874 904
1874 1493
1874 1054
1522 1278
1037 246
1974 536
1998 1278
1669 38
1159 1112
457 1974
1839 1426
1274 734
690 1833
999 817
1669 1313
1444 898
1669 183
585 1619
453 488
829 210
1274 404
993 1612
1287 1914
1258 1581
841 1110
1669 1458
412 918
1669 659
453 948
511 1430
453 1882
430 246
1998 1291
412 1522
1501 2011
56 520
1159 1216
453 2027
1874 1634
511 457
266 1369
713 1277
1669 1620
882 1906
1159 1105
329 1906
511 756
903 1974
1952 1698
84 1997
217 1854
1669 523
1669 966
1159 1819
1 525
1839 725
1586 411
999 1950
852 903
465 1878
1261 221
585 1144
1874 414
1159 1192
1963 1011
1874 1153
1930 1590
691 1619
852 419
1258 1258
999 12
45 1198
1669 338
1669 813
585 1974
1254 514
794 1963
1274 1803
829 1997
403 1782
1669 1629
31 1770
453 329
511 1899
737 1845
1291 1291
1254 669
993 631
1287 1755
852 1854
34 1194
1874 668
1159 938
1839 1191
1669 1444
1120 1792
1669 202
585 411
511 1586
56 220
1377 1037
1874 1144
1987 852
246 595
1440 678
547 1213
1669 790
585 1522
882 1813
272 1144
1323 1586
1159 279
511 511
1380 1578
1441 547
1258 939
1576 418
1440 96
1669 1163
1500 1994
1874 187
1159 1095
1874 1361
1287 36
1291 1239
390 984
943 329
869 1366
852 1522
1580 1239
547 1348
1839 1649
453 1385
1839 278
1369 690
585 412
895 977
1874 400
882 1981
1159 1381
1430 146
1839 1510
737 1064
1619 866
1258 1244
1720 1706
1706 1502
1159 1632
1874 876
1874 1465
419 1731
1874 1615
1839 1816
1488 1061
999 403
1669 26
1669 928
627 1453
1987 465
853 1134
869 713
999 853
1669 171
895 132
1874 654
155 2027
691 278
691 205
1669 1430
841 1669
895 1908
31 852
1974 104
1159 500
999 620
1669 1132
547 532
585 278
713 892
1580 723
1768 1833
1706 1497
1 1448
1912 1208
999 1899
1669 1277
585 1767
1669 478
453 292
453 895
203 1930
453 1541
1874 1932
1874 173
1874 1347
1963 817
1 1814
1198 403
1792 13
599 599
841 1258
895 630
1 617
1874 1823
1287 630
1287 1085
1278 411
1440 1974
1669 1898
217 817
1669 293
1874 975
1874 536
453 1831
702 1526
1974 1380
1792 1680
465 1430
359 895
1669 1568
620 350
1669 438
1669 769
895 483
203 1586
1706 1911
1987 728
1701 927
817 1510
1440 570
1278 526
1706 551
1669 1713
217 536
1670 479
1768 1258
1876 1419
1912 15
453 1550
1987 479
1874 1927
1037 1287
943 1522
1440 319
690 853
1261 372
1669 1730
1839 2001
1874 55
453 777
1874 1229
1874 1814
511 1323
419 1839
1919 1011
246 497
1369 376
1440 1304
841 1148
1159 1157
702 1956
24 1878
1258 419
1058 1393
1974 21
1669 1118
412 197
1669 447
511 521
737 599
1874 1592
993 112
1274 1405
999 1011
1440 1707
217 1198
1906 1500
658 658
453 278
1159 1451
1159 630
511 1844
1952 957
1587 1269
1274 783
1990 4
1805 1174
1669 1739
1768 1120
1 46
1287 1861
1440 1988
895 1748
819 279
535 1927
1839 1073
1254 402
993 1398
795 219
155 56
1440 729
1669 1554
1670 1440
453 142
1876 1066
453 1044
1144 1198
1306 363
1874 1587
1587 1792
1277 665
459 1912
869 855
943 1669
1669 126
1287 1
794 1792
999 690
1258 1049
1669 143
895 621
585 1214
1874 626
1287 1527
1198 1992
1988 510
852 109
246 1972
246 1401
1998 1706
1839 1876
1159 1275
1874 1102
1522 1198
993 17
1179 12
1287 1209
737 955
939 1782
999 1854
620 784
1669 2006
547 560
1874 1428
1 1985
453 1955
1550 476
1952 1312
2027 465
1874 1319
1839 796
246 1729
1258 1501
1669 1378
465 1179
1670 1839
1501 656
1159 1684
1874 471
272 939
1876 1709
737 1432
278 470
246 474
1258 1644
217 1580
1998 1894
31 817
1874 947
511 599
1159 778
1768 732
737 521
1258 412
1440 34
1669 2015
1159 1978
1159 155
1768 918
737 45
1402 1731
1625 1625
993 1956
1369 1179
1669 1242
547 883
585 574
1706 84
1522 104
1874 725
1782 92
1874 1899
24 735
498 1706
1198 1899
1258 229
1974 1634
31 1587
1580 903
1874 462
1159 1880
1 49
511 794
1277 56
1706 829
453 547
1159 1257
1874 1677
993 1868
449 1037
1669 878
1874 829
453 1039
511 120
1377 1641
278 1117
1144 45
999 1782
1258 93
943 634
852 1467
1669 1694
412 1892
1706 1342
511 690
1 1335
498 1701
1510 383
928 1287
246 1156
713 1328
1669 1839
1906 253
1706 1140
1874 457
1159 1308
1238 1535
1274 44
278 480
691 329
453 209
1768 2027
453 1127
329 1987
203 419
1874 933
1 1646
278 1838
278 900
1669 412
1669 855
713 819
737 628
1159 137
1159 340
1874 1559
1576 1751
691 1277
465 1706
1369 1586
1669 1228
34 1854
1998 184
1 559
1874 711
1768 350
453 1748
737 168
993 713
1278 345
246 1322
1998 1992
1669 1832
1563 829
1669 702
713 730
1874 13
453 991
1894 903
1874 1772
1894 1833
1 600
1440 653
1833 535
547 607
1706 376
1874 339
737 1129
453 1120
1839 978
1881 1173
1987 794
2027 1426
465 817
1998 1258
1430 411
1159 571
1987 683
2027 630
1751 151
1738 751
1258 536
1669 1333
412 539
1669 993
203 1874
1874 1291
1198 605
1770 511
852 620
852 25
1258 1930
217 1874
1669 1350
895 1956
1706 1581
453 397
882 1124
511 817
1874 1767
539 362
217 1987
1669 712
453 195
547 1838
329 1536
999 1510
1278 34
547 331
1669 1656
585 1751
585 585
1874 806
453 1274
1963 737
511 418
897 1500
691 702
999 457
1998 1963
1580 1858
217 592
1669 68
1669 1002
1323 1323
1430 1974
1258 658
1278 1974
869 1876
1669 1359
1669 1818
453 630
1277 476
1258 1278
1369 1899
1669 1029
585 737
1669 1963
1501 1992
1 475
1874 1499
1963 1974
1625 999
666 479
1669 1633
1706 1789
1906 1118
1377 1311
852 184
690 1839
14 1522
453 494
1159 1828
1159 5
1987 412
2027 56
852 47
246 1343
1465 362
1833 1754
203 1674
1874 579
1159 410
1274 509
1277 1536
999 25
1907 984
585 829
1706 341
1833 1899
466 1018
453 181
737 1737
1768 412
1912 375
1952 707
278 383
1037 245
1440 92
1792 1878
1792 1179
1669 1642
1120 90
1669 496
412 1214
1501 339
1768 1878
450 1011
453 1575
1287 56
1287 391
278 1136
1151 1942
999 511
1669 1312
1874 683
453 1405
1159 951
1874 1268
1550 203
1287 995
702 1601
1952 1216
511 863
1 254
383 479
1669 1804
217 723
1669 199
1874 420
329 476
1874 1009
329 1706
453 1881
329 1277
1874 1744
1274 516
1974 1995
1669 1143
1906 478
1669 803
1159 1219
1874 896
1770 1674
1878 1974
1576 1323
852 863
1738 2003
1369 1369
1669 1619
1906 1018
841 592
547 1618
1159 1104
412 1839
1768 999
737 92
1287 508
521 594
1287 1302
1768 1047
1874 1848
1629 278
1258 1557
1440 1616
1669 192
1159 1195
1874 565
2027 1510
47 1974
1440 251
1706 689
547 608
1922 1288
1377 782
536 265
852 1992
999 412
1706 157
547 1521
1669 482
1930 1897
1839 411
1274 1915
852 536
1258 615
1440 276
999 806
1996 825
1998 1144
1501 1269
1874 1843
278 1574
999 1942
852 1198
713 1479
485 387
1323 1899
453 1520
1159 826
1144 903
1287 667
350 84
1254 1793
853 35
869 1550
1669 1588
1669 1935
895 1238
1876 1619
511 1241
1159 764
1911 283
1159 278
1768 539
760 1023
943 1393
817 1522
1712 1699
350 829
2027 1277
999 863
1258 1524
1669 1307
411 939
412 1767
1159 1800
1874 75
1 1716
633 1149
278 98
558 479
691 1510
155 1813
999 737
1669 1452
1998 1522
585 2006
217 153
1839 1962
1894 1278
1874 551
419 479
1839 1052
1 1573
869 278
547 987
1155 1979
1377 341
1159 1070
1269 1081
1782 1239
457 737
1839 119
869 359
895 763
1768 1277
1 742
1874 1353
1159 209
278 1515
1144 108
278 1601
1037 991
1198 1858
829 1615
465 1839
246 1763
999 852
1440 1782
898 1490
1159 923
1159 102
1377 1197
1874 1829
1440 1291
999 165
1701 1519
1187 466
453 1
1159 1739
1179 1823
1874 1131
1 384
999 1440
1440 1839
713 1039
1998 1380
730 1821
1706 1478
1874 283
329 329
511 1712
1159 185
511 1231
1974 1309
1669 477
415 671
203 1488
1522 1440
1159 206
1 1496
1510 1650
999 1580
1277 1748
1369 1976
1669 1293
412 579
882 1424
1159 1918
1377 389
203 1751
1727 539
737 1992
1550 1876
1287 1419
155 585
1369 1833
1706 863
359 1550
1831 1813
511 1576
278 1007
246 110
1098 1106
1669 1108
1706 238
1669 768
453 155
1874 863
1839 1833
737 1194
737 605
1287 1705
585 84
1 752
511 47
1328 572
278 1619
25 45
1625 1440
1274 328
1669 1398
1701 1068
1669 1874
882 1306
1159 1363
511 1467
453 1839
737 339
1144 344
521 1471
246 700
943 1550
1669 1576
1669 2019
1906 897
1998 412
1159 1614
1670 1011
1144 605
1159 175
511 71
184 903
1952 185
1500 1234
1369 25
1258 1369
852 1440
1501 1782
1669 1721
1998 737
1669 116
585 1680
1874 156
1377 1802
1586 479
1287 925
217 1899
1874 47
1159 902
1874 1221
1037 1594
511 165
1323 585
24 1839
1144 827
2006 1011
1258 1198
359 799
1906 412
1706 833
1669 278
547 1799
1159 1277
511 1440
1987 824
1287 1091
999 1792
1440 21
728 1149
852 1080
1669 1094
1669 1553
1440 1844
1278 21
585 1430
1619 443
453 728
1 1999
1706 647
1159 371
511 411
1839 11
852 723
1277 195
1440 1278
1669 1698
585 1689
1706 99
1501 411
1874 151
1159 1443
1144 723
1522 1942
1839 333
251 1533
691 785
1278 290
963 20
1669 1400
1159 1023
1287 145
794 806
465 526
1277 37
1258 732
1669 1086
1159 1583
1159 1274
1839 1410
1839 628
1874 1688
702 713
25 1144
1839 1081
1274 1750
1523 1011
282 1125
895 1272
1669 2005
1669 416
1120 479
1894 2011
1 1984
1034 502
1198 1782
691 1919
1440 1269
1669 1232
895 1097
430 1363
412 1706
1120 1011
1874 731
1768 362
1 1316
1287 121
1701 341
1277 1784
1440 1471
1580 1194
713 1880
1669 247
1144 1578
453 424
1159 1012
1874 1792
1586 535
217 1587
1192 1120
217 1369
453 569
1159 702
1159 1267
1874 944
1037 1981
1522 1309
1328 1070
869 1629
1580 1992
1706 287
1998 828
1669 868
1 278
1874 1420
1768 620
1874 1570
479 1523
350 436
852 737
852 1792
1258 1807
853 323
1501 34
1669 1013
895 279
585 1297
1287 118
993 702
1987 1179
1952 1175
943 1425
1274 364
723 939
1058 1149
227 1199
359 576
1738 1893
1159 1676
1874 24
453 1906
203 476
350 584
723 1198
1258 1179
465 1369
1906 393
1669 1531
1618 1769
1706 375
1874 350
1874 1524
453 1480
1874 1674
1839 177
1 1247
1287 1653
278 898
999 1839
895 1619
658 1742
1706 1875
1159 1970
453 691
1768 457
1159 147
1874 1565
1258 535
84 15
246 1130
1159 1987
1874 1891
1987 419
479 1767
829 861
558 1011
1998 1467
1501 737
1706 495
1159 1669
511 1976
1706 1592
1874 1193
1874 1778
1839 201
1510 1691
993 1312
702 1586
479 1652
903 605
895 1798
895 1000
1906 1187
1874 345
678 701
1874 1080
1287 728
1992 1992
1192 1277
713 1956
713 511
412 1997
453 353
1874 821
1 352
1 1438
1 1835
1792 539
246 1720
691 691
799 178
1669 81
1669 999
1768 1674
1586 945
1874 1882
1328 897
702 476
278 1545
1906 245
1669 1815
895 1525
1179 1878
1874 10
1586 1706
536 1673
737 280
1287 245
1380 1992
1369 165
1501 1440
713 279
1159 1246
1874 1510
419 412
1876 262
1770 1120
634 141
690 1963
1669 1187
895 1601
1500 421
453 362
1 1836
1159 129
1159 332
1 1431
1287 870
829 84
1952 1357
1278 1782
1258 1912
1669 1332
895 2006
1 551
1874 703
737 1927
575 929
943 2011
1277 1394
1669 1349
999 288
1669 235
1874 440
1768 1536
1874 1179
1 27
702 2027
1274 488
1258 1268
1792 1706
1440 1354
1669 380
1669 823
1874 1505
453 1443
1987 1369
245 245
122 1857
1669 856
1706 1433
272 737
1587 12
1987 659
558 1839
1751 1754
1440 265
350 863
1277 292
999 829
1258 1430
217 1833
1669 1672
1706 1666
1874 694
511 1309
999 1080
429 1050
1738 51
411 429
1669 212
1874 1020
1874 585
453 1878
1874 1759
1287 1149
817 1807
45 1782
1369 1501
585 827
730 507
1669 357
737 411
96 1580
449 1906
1278 1291
939 605
248 1389
1998 1269
1501 1144
1706 161
457 1144
1691 905
1377 1310
1874 1387
1876 529
1287 1774
155 993
869 869
1277 1896
1669 1318
895 1043
1669 76
1120 1369
585 21
1159 1831
1963 419
1287 542
1287 1919
1369 852
999 1073
1277 1710
410 1674
1669 1463
1377 898
453 969
1874 1015
1287 224
403 92
1037 728
702 1941
993 1722
246 588
1287 1146
1751 1930
999 24
1669 1037
1258 1715
1792 1261
690 603
585 1501
411 1807
1522 1673
1737 115
999 1303
763 374
1377 2010
1 1530
1258 626
465 383
1576 350
1369 90
1369 1549
203 1912
1874 1269
1874 1854
1 1696
80 1618
903 1992
993 1602
403 1992
1151 1894
1369 272
869 1674
585 852
1706 458
1839 1950
808 480
827 1011
453 1880
1587 824
1751 1486
1274 958
1669 1142
895 1827
1159 1655
419 1179
1874 1482
1874 1047
165 585
1839 556
1876 282
1011 1500
1638 784
1151 1522
817 1930
547 353
1669 1618
1669 504
1839 1788
1 325
479 1911
246 353
895 1994
547 206
306 1674
1159 1813
165 1674
453 1381
691 261
1706 888
1669 207
1874 412
453 1526
511 980
1839 243
723 1578
278 415
831 415
1998 965
1706 1514
1874 303
1874 888
1894 737
1876 884
149 861
993 1906
1629 1762
1258 1844
1669 1152
730 721
1870 1870
895 350
1 350
737 1278
453 1576
1159 226
1274 1042
1952 1376
869 1323
246 1115
1393 1149
713 195
1998 344
412 1878
1144 1380
1377 1170
1952 432
1274 1598
691 855
852 1380
217 1974
1669 1917
585 1580
1159 1748
1874 557
1179 737
1874 1731
1144 904
278 406
1878 1878
999 1453
1701 1357
585 668
585 362
453 175
329 350
1874 1468
1 1628
1874 1618
1839 105
1 294
1369 585
266 479
1706 133
1689 1680
1669 490
825 836
1844 1844
1037 1306
1287 1287
479 90
1258 1080
852 1674
104 1011
1669 1749
1669 635
1874 511
1144 1974
511 1342
1377 1886
1510 1011
1328 1158
999 736
1151 999
1277 1277
1998 1854
895 1412
1998 25
1159 1741
1874 548
1878 1011
222 1727
246 29
465 12
1440 1833
1669 322
1179 1974
1269 174
1159 835
511 939
1987 153
1254 562
1253 1477
829 1416
245 278
869 817
1120 1586
1706 1753
1689 204
1768 1278
794 1393
25 34
1278 1465
1369 1974
45 1578
1998 1942
713 205
1874 502
1874 67
1586 1878
737 1974
1159 97
1037 1550
1587 999
1550 1874
2027 713
794 278
1277 1270
1369 1434
359 702
1706 853
1998 96
1586 1833
329 511
1874 1128
453 1852
511 963
829 442
25 265
1550 1277
1952 1116
1278 1580
1629 1287
1998 403
1874 1454
1159 263
1874 1604
1258 462
841 1874
1669 1
1669 476
895 373
511 1792
1839 1680
1706 1728
1874 1930
993 213
279 1500
547 801
1669 146
359 1976
1 623
1377 754
453 1369
1768 158
511 182
1751 853
763 1695
1701 1884
1440 1992
1669 1437
412 1011
1159 1166
203 1258
1874 534
1874 973
1963 1899
1839 151
547 968
485 526
1874 860
1874 1449
453 1659
1306 359
1894 1144
1911 186
1587 1844
999 1751
1258 457
1669 1252
1 759
1874 1336
1874 1925
737 717
1287 935
350 360
993 1551
1277 630
1369 794
829 149
761 1113
1669 155
1669 598
453 97
1159 1910
203 1369
1144 1995
1159 87
350 166
1440 160
1293 1293
246 1238
1669 1414
1669 1873
1669 300
585 1992
1874 379
1768 1930
1522 411
1839 1856
1874 1703
1881 1197
475 1939
220 1795
867 1011
1440 708
690 479
1669 776
737 1791
453 734
1159 1044
1874 1440
1706 1481
1623 1706
999 1740
1369 24
329 203
1377 1350
1587 1706
963 475
155 1277
999 265
585 45
1706 1605
1706 1182
1 950
1874 633
1874 1218
1874 1807
902 1500
1727 1833
1291 1858
1287 1863
691 1550
465 479
852 939
852 96
1743 1510
306 1510
1669 1882
1501 1580
895 2
1874 370
1833 350
1930 1047
453 1500
1874 1109
56 1440
419 817
1144 939
1418 41
1669 2027
1906 1039
1706 1456
1159 1037
1377 1518
1768 1792
511 410
1430 1839
1839 479
151 1801
1987 1874
1369 1019
1792 1823
1706 535
1669 898
359 1192
1874 737
1874 148
1874 1911
511 641
1963 806
1876 1435
1287 1376
1287 1839
943 1410
1440 335
1751 1011
1998 536
203 1792
1159 1022
1894 34
1037 1277
993 1223
2027 248
999 1963
1669 1859
1669 286
1669 745
1839 1878
1839 1080
1874 1689
511 306
702 1876
1277 874
1258 403
1792 306
869 1619
1701 1752
1669 1561
1706 216
1159 1983
1768 476
1159 363
1874 1576
1587 737
412 1278
1894 1963
453 849
329 245
993 334
1287 914
895 1922
585 479
1618 575
1670 12
1874 469
1706 1591
453 994
56 341
1269 536
1510 905
217 1586
412 362
1159 1575
1874 945
511 1743
1874 1680
278 573
246 1596
1706 284
808 761
453 713
1159 1027
1874 832
1505 1912
1287 431
441 1407
1019 1839
1151 1998
585 119
1833 151
895 278
1874 134
1323 1940
1874 1897
993 327
1011 864
465 1743
229 227
1706 936
1669 255
585 1198
1874 25
272 479
993 432
1669 1071
1998 1903
288 1477
1906 1906
457 1522
1876 1234
1 1643
2027 1619
1625 1258
1258 1323
1187 76
453 359
453 1037
1874 1562
1975 1274
585 120
453 835
1768 345
25 1899
1369 306
246 1900
246 1745
155 1839
547 180
585 457
1669 248
1669 691
852 21
1894 1844
412 457
1287 1500
869 476
1669 1507
1 771
1874 931
1874 1516
1839 983
993 58
999 1522
1998 1580
1669 410
1706 1883
1586 1426
329 1874
453 1601
453 1948
1874 1557
1770 918
737 650
1363 1867
576 1047
869 702
1974 1844
1974 1731
831 671
585 558
1669 1669
1669 555
1669 998
882 1701
453 1159
1839 1278
556 1011
1037 998
794 479
465 419
1990 1805
1706 922
713 1906
362 829
1839 1135
1839 666
1874 1770
2027 1287
498 246
829 1767
869 453
1258 817
411 1390
852 1269
1669 1041
1669 1959
1998 999
713 278
1874 337
1874 922
511 1073
882 80
419 1278
869 155
869 993
943 1587
1258 1309
1580 1974
1444 363
547 1720
1159 1955
1706 1439
182 756
511 104
350 853
1751 1756
247 247
1440 1735
1706 79
1669 89
1706 1237
585 1291
1874 1874
1987 999
702 1618
999 148
412 479
547 761
713 142
217 177
1159 1786
1874 591
1159 987
1522 1144
1274 1667
1415 1415
1587 1541
1792 817
1277 1207
1706 788
1669 822
1618 511
1 448
1874 1067
511 479
1037 1952
1440 411
1440 757
852 1974
1440 1903
1669 1195
466 76
248 253
895 421
1874 219
1159 1127
1 654
453 1587
1159 249
1768 585
1874 1543
1839 385
98 470
999 1194
1258 513
1669 1783
412 620
1706 1321
1874 695
1839 827
1159 14
1874 1869
1587 457
350 1486
852 34
465 1323
246 1263
1440 1613
1876 1738
1034 1493
511 824
993 476
1080 1493
1277 1541
1669 1961
1669 356
895 902
1874 323
1874 908
1874 1497
511 626
278 1164
1037 1124
539 687
246 1476
1669 1172
1669 501
306 412
1159 1937
203 1080
1874 210
272 1198
1274 1030
1550 855
1287 855
1 1504
1792 411
1258 1899
1906 140
1369 1278
737 1936
1874 686
1839 704
1839 383
151 462
246 1341
895 1876
1998 585
1669 220
1159 1768
626 148
1377 1698
1874 1751
1751 350
1440 239
895 1774
1998 1874
1706 1529
453 179
882 2023
1874 1488
1874 903
1839 93
1 1075
737 403
628 1011
895 1162
1500 435
1120 385
585 1453
511 1894
1522 45
453 1258
1 664
350 757
1717 1563
943 1792
895 1996
1669 527
1963 411
1839 1639
1 252
511 148
479 1731
1287 989
403 1995
1440 1505
1258 1576
217 1963
1159 1403
1768 203
1159 397
1874 1742
350 535
420 420
1669 1141
1706 346
1159 1654
1587 245
1792 1839
852 1144
1974 429
1159 228
1987 511
1881 1120
511 12
24 1549
278 808
963 71
34 1198
1874 672
1874 1261
1291 1380
1770 465
1254 189
615 795
1669 1464
713 1500
1906 730
585 1578
1159 1758
1522 723
1587 1962
829 1231
246 1470
1 1943
1159 844
1287 1272
1274 636
1258 25
852 683
1701 78
1663 784
227 190
1833 94
713 991
1179 1439
1952 1724
1291 45
390 297
1369 1963
465 1670
1669 1296
1942 1942
1669 625
1830 1839
737 196
1037 1393
278 1572
1576 1586
891 1803
999 177
1998 1844
1669 1916
1669 311
1876 1774
1159 1186
511 363
1194 1992
1287 1120
1274 91
691 1629
465 1440
1501 1663
1669 1586
1706 1945
1833 1303
203 1536
1874 295
453 1076
1874 1469
1839 104
702 1363
1287 1724
1258 918
1278 536
1669 1160
1669 30
1580 34
1 1817
737 108
1912 1383
1952 601
1770 999
993 1072
246 911
1258 620
411 614
1258 1522
1669 1305
1669 634
1159 1727
1727 535
1874 658
272 852
1377 1885
1833 1150
24 1674
939 403
869 1919
817 1011
1706 420
90 90
1586 1839
1159 1179
1874 549
1874 1134
203 412
1874 1723
511 272
98 727
1278 1578
943 999
1669 1120
1998 1198
1669 321
713 293
1159 1629
1377 363
1430 479
1874 1025
453 1987
1 318
1833 1304
350 492
993 1923
1194 1858
999 1903
1792 463
943 25
1669 1265
1670 1025
1669 7
1669 466
1874 177
1748 1536
1839 1674
737 1295
556 479
1587 1878
1287 1738
246 331
411 930
1258 1974
1669 1282
1669 611
882 1773
1159 917
1768 1731
1504 1504
1198 1380
999 536
1258 1203
1669 1902
1669 313
511 1144
1874 540
1 1255
1881 630
730 568
1706 229
1669 330
841 737
1874 281
1839 916
1287 333
630 730
266 1839
895 825
1580 605
1159 2027
1874 757
1144 1291
1159 200
1522 1899
1706 1367
702 1691
999 1269
246 1847
852 1878
1669 1734
585 34
1706 1616
1079 1035
1894 1440
511 890
1768 852
1874 1818
511 177
1966 486
246 520
1258 737
1369 641
1369 1839
227 1053
841 1144
1669 1436
547 689
1998 104
1874 385
1377 959
1874 535
1874 1120
1906 1876
412 1465
1037 1058
737 1652
737 344
1144 339
1911 1753
852 1663
1998 411
453 153
1159 1619
1874 272
1839 1382
1 264
278 1213
1194 1844
535 853
1369 419
246 1077
1258 1833
585 90
1669 9
1706 1374
1768 1261
1874 163
1323 1963
1963 1278
1881 1426
1 758
1155 891
1976 1839
1792 1510
1669 1743
1501 1239
1669 597
1874 489
1159 1340
1874 639
1287 616
1952 1922
1550 1768
575 159
1254 1872
1591 1253
363 1611
1120 1839
1874 376
1874 526
1159 487
1768 746
702 278
1287 1555
903 403
246 103
817 1878
1992 605
1669 2017
1586 1963
1339 547
882 449
1874 852
511 412
1586 151
1839 12
1 862
1144 1194
723 92
246 1627
1258 1808
895 1550
412 119
1669 114
585 1833
1669 920
1706 1715
1796 1678
203 535
453 1780
993 307
165 852
737 136
246 1003
1277 1839
1440 1565
1706 1183
1963 39
453 1023
511 1501
453 1669
1323 1841
1876 118
1987 1674
1440 184
999 1144
1277 1621
1258 723
641 1839
853 93
1669 1881
1874 521
737 1532
794 38
465 1586
1369 1706
895 1277
656 656
1159 1601
1930 1706
1287 1234
1254 1973
852 1449
690 1011
1580 1899
217 34
1120 585
1874 149
453 1186
329 1369
1874 1323
993 1560
465 1011
1258 587
1576 1080
209 1500
999 257
1706 1613
1159 1017
1377 1906
1839 316
25 737
852 104
869 1078
1701 315
895 1813
1159 1577
329 410
1874 362
1768 728
1987 1536
1576 1963
852 479
1669 1101
12 38
1669 430
1120 465
1874 838
1874 2012
1144 34
1798 1500
1706 104
1563 84
203 1963
453 1195
1874 1903
993 240
702 98
1254 1088
1258 690
246 1161
1706 942
1669 1850
217 737
1669 245
1906 1372
1874 31
453 993
453 1340
1618 572
1323 1839
1894 1782
1963 21
1144 1580
246 1922
852 1580
841 1473
1706 740
713 1839
1377 987
1874 1681
903 1380
993 1413
1254 2004
1258 411
1258 852
1650 905
1669 1206
1669 407
1580 92
1874 833
1159 713
1874 2007
1839 1402
737 34
702 1839
246 310
1974 1782
466 248
1669 1011
1 722
1874 720
1874 1309
1874 1894
1323 90
1987 1011
943 1998
1669 585
1874 461
217 1440
1669 730
1706 1051
1159 1258
1874 1522
1159 892
1159 459
1952 675
2027 1618
1874 1087
993 1857
1287 278
999 1833
1440 60
1440 737
350 1639
895 1629
1706 638
939 627
1159 1964
511 558
1287 423
1987 702
25 1580
1287 1668
246 836
943 1894
1440 939
539 166
1277 1421
999 479
1706 90
1669 86
1706 1248
737 737
453 1768
1377 1812
1287 105
1587 1673
1287 1813
1751 1253
852 1731
1629 1619
895 1971
1906 248
730 381
1159 1874
882 1594
329 1674
1377 1669
1768 702
1874 1776
1952 1957
1952 1642
1550 1792
1839 668
1992 92
1706 726
1669 1981
1874 343
1 770
1768 419
1287 730
1287 1185
993 1882
1770 1706
410 1878
1369 1670
817 1899
1214 1823
203 603
1522 1833
1 1833
574 1011
539 584
1550 1058
691 1876
246 256
1258 540
1576 1839
895 1579
1998 714
1669 95
1144 1927
1874 706
1952 979
702 1277
1258 210
999 723
1258 1144
869 1839
1669 1370
1669 1813
1369 1440
1706 1569
203 1839
1144 277
1880 938
1274 50
1774 529
1669 1958
412 829
1669 716
272 605
1 1969
737 964
1159 313
511 465
943 1159
1258 833
728 1058
1258 1751
1278 1011
585 1894
585 1465
1159 1954
1874 810
1874 1399
1874 1984
1874 1549
457 1927
1619 1919
1151 1587
1258 1894
1669 1330
1580 403
1706 1689
1669 1006
511 2011
1874 1286
1839 829
702 1619
155 898
465 411
853 1639
999 290
1669 1822
359 1987
1669 676
1159 1781
1192 1881
203 1387
1874 1177
257 1878
993 909
938 1619
713 1149
1669 1967
146 905
1 455
475 392
1587 852
1987 1966
999 1673
1258 511
1258 34
690 1303
1669 1637
1706 164
1706 1866
1377 848
419 1674
453 1586
1144 656
1287 857
1439 1014
1369 411
359 476
1669 65
895 675
359 1277
1706 1245
1874 692
251 729
498 547
465 412
1701 1931
246 1339
1669 1356
1706 454
841 841
453 56
1669 685
1323 1792
1159 979
453 1876
24 429
1701 193
412 153
1706 361
1768 1987
1874 1494
737 1144
1874 1644
993 1466
1241 1011
1701 82
155 1619
1258 1292
1669 1171
1440 1202
1669 57
1906 1424
841 683
1669 847
1768 1874
1874 211
511 25
1037 1694
2027 1743
1274 1901
702 1287
1369 412
1792 412
1187 248
1580 1844
1669 976
1 567
1706 1297
702 1629
278 69
246 979
869 569
1277 97
1369 1467
1278 735
1291 605
1556 905
1079 1089
1669 662
1839 1486
1159 1405
1874 574
511 383
1258 350
1701 1797
1301 1979
453 178
457 1833
453 1112
1768 84
1159 292
203 829
1876 1601
466 1372
155 702
1369 47
928 713
1120 1576
841 25
1669 840
1159 1929
1144 1844
1380 92
1770 1258
728 1393
852 1844
547 2024
1669 985
1874 93
1874 678
1876 1500
453 1717
511 151
794 1674
1586 412
1274 1137
1278 1912
151 795
869 1277
246 1333
1576 804
1706 456
1906 1389
1874 419
1 1751
453 1862
1258 345
999 1465
1701 696
1669 341
1839 1011
1522 1269
1587 683
1254 1326
691 476
1833 84
895 713
1669 486
1580 45
1874 197
1587 728
1058 278
217 1269
1706 32
1874 84
1874 1258
1587 479
1844 1239
975 1805
1770 1963
1369 1144
1669 1447
1669 1906
1874 410
1874 999
203 1303
1874 1149
761 1838
1625 1
1080 1974
980 1839
1278 903
1669 350
895 956
1874 301
511 1670
1500 1266
1144 1010
1768 535
999 1912
852 1995
658 1415
1874 188
1874 1362
1377 2026
1 1482
1037 1876
278 1500
521 1702
390 1907
585 1019
217 1278
1669 165
1669 1770
1706 1290
1894 1899
453 785
1159 934
1963 863
457 899
1274 1155
1274 2025
1 1712
1609 1340
1258 312
1258 1102
1669 1440
730 1232
1159 1384
1874 1140
511 362
1151 841
1669 1126
1258 1706
1580 1453
1706 679
1706 1926
453 760
1874 881
1874 1616
993 531
999 1706
1258 1
1669 1271
1669 29
1586 1440
737 1269
453 1567
24 829
1 1475
1782 1858
1238 1624
1987 1792
869 1159
411 633
1369 1241
1669 1747
1906 1287
1833 1706
656 1782
1079 1763
1874 659
1874 1833
1380 1844
1369 2012
1278 806
547 642
1578 1995
453 1510
1430 1036
1440 12
1792 1670
1097 61
1706 251
1706 308
217 852
1743 146
1377 797
1 317
1586 350
1619 983
1194 1782
1987 1912
120 1011
1669 1264
1669 6
1669 465
1952 593
539 1706
278 818
1151 25
1669 1281
1706 1622
1669 610
329 620
1768 153
1963 1767
902 200
1751 1663
999 539
1258 1990
1706 428
1500 1763
453 14
511 1580
1874 541
1159 805
1874 1715
272 1440
1963 535
539 350
246 673
869 983
999 1501
1669 329
1833 1280
1467 737
1874 867
1706 1928
1586 345
1839 450
993 122
991 915
1287 1709
411 1580
869 1523
691 56
1258 1839
1706 1742
511 1369
1550 713
1952 616
1274 1069
730 859
1839 1214
737 827
453 1682
1899 1974
1770 1586
1952 1254
1576 690
1669 1878
585 434
1634 2008
1377 267
1874 382
511 1120
1839 602
723 1992
498 1952
1328 358
278 441
869 261
999 1807
1684 312
1580 1580
585 1878
1833 1974
1159 1618
1159 179
1987 732
1550 1536
1328 245
479 599
999 1323
1369 21
895 1536
547 1518
585 1402
203 1927
1501 390
419 153
1258 582
390 1887
852 1291
1669 1395
1440 1543
1706 15
1768 1586
1601 1500
1751 411
1238 1500
1258 1992
359 1536
453 902
1880 624
852 1927
1669 1114
713 479
1669 886
1894 1580
1874 853
511 1278
511 565
1144 1782
350 1563
1669 1259
1706 554
1669 113
217 403
1 718
1768 1706
1 1892
1987 31
246 1000
999 1258
1874 481
1306 1906
453 1022
1586 1674
1839 1100
1701 1868
1258 1638
1501 1578
1669 1880
1669 750
453 249
1159 1587
1874 518
453 1813
1 1225
1952 324
1287 753
2027 146
1287 2006
279 1287
869 1576
999 34
1618 1674
1998 817
1669 895
737 1782
453 709
1159 1039
203 702
1037 1444
1287 774
1440 903
999 1369
1974 403
1669 1236
585 1380
1894 1974
1874 735
1874 1320
1874 1909
1586 1586
148 1253
1770 412
24 1663
691 713
1258 1963
1669 1381
713 1876
1669 139
1580 1198
1586 1912
1159 1325
1768 245
1323 1833
1586 539
419 683
903 627
1669 1083
620 1047
1874 363
1874 513
1159 777
1159 468
1874 1687
1287 291
1522 737
1287 1536
1522 1194
1974 1974
412 668
1998 824
453 371
203 1120
1629 441
1792 419
817 411
34 1380
1669 1704
895 1098
142 1277
34 903
1839 1718
1894 1522
1 131
1287 1371
1258 1497
852 1899
1440 1580
1874 28
453 1339
1159 444
869 424
1369 668
890 1839
1906 1913
1839 963
453 1484
1952 1799
1440 38
1580 1995
730 1991
1120 798
329 728
1706 1879
1578 1239
453 1629
1522 1844
939 1453
993 578
630 1876
1952 1339
1380 1194
999 794
869 1963
547 1418
412 1897
1377 241
511 1839
1839 1727
1510 1556
993 691
1987 585
246 422
999 732
1440 1150
930 1390
1669 1826
329 999
1874 23
1874 1782
1398 1398
999 2011
542 1538
1706 370
1874 1523
1159 895
453 1792
1874 1673
852 817
1440 738
246 1589
547 1007
1501 903
1998 511
1894 1992
1839 1751
1159 705
1876 1091
1601 1175
34 723
291 1709
794 419
47 1706
869 691
1277 278
1576 1833
412 84
1669 544
1159 1852
457 1011
1701 324
1669 1360
362 1706
1377 432
203 1833
1874 603
1874 1188
1874 14
457 1782
1792 362
841 1522
585 344
1706 1974
1159 1250
691 1830
1278 1198
1440 1198
1998 1586
841 1942
585 579
34 1995
1669 851
882 1159
1159 1956
1874 816
511 1179
1323 1440
1876 1098
1987 1277
1440 510
1278 1380
390 780
1669 1224
585 556
1706 521
1669 996
453 511
34 605
1550 702
574 1833
817 1278
1277 85
1440 786
999 153
1258 1586
585 1547
675 1500
293 1813
1874 594
1963 1839
833 513
1629 1500
1669 1055
1120 1120
217 1457
1669 368
1833 539
1194 656
511 464
1839 64
1987 798
2027 1430
691 1839
1706 609
1998 457
1706 877
453 1277
1159 130
1159 329
1377 1281
1198 939
80 363
1770 1278
1510 146
943 217
1669 1329
1120 1358
1706 1008
713 630
34 939
203 1878
1377 719
1768 329
1159 19
1768 798
1874 698
1 1285
1274 388
1952 1215
1669 1346
1669 232
1833 1191
1159 1780
511 1963
511 1510
882 246
511 829
1876 1914
1625 1874
1369 1894
852 1278
245 1058
1669 377
1159 1541
1377 998
476 1876
511 898
511 1080
737 553
863 1933
1277 730
1258 1759
1669 1636
547 898
1669 394
1906 1059
1813 1082
1874 802
1 652
1874 1976
1874 1541
737 1239
1037 80
1369 410
817 440
1669 1338
1874 104
1159 1526
1874 1278
1839 1619
1287 1460
1550 1500
1777 390
869 1669
415 1092
1159 1287
1874 580
1874 1754
1 1732
38 1312
1587 1506
1701 693
895 1763
217 1992
1669 1500
1669 354
1874 906
1159 660
1894 1198
1874 1645
1839 539
278 1154
1144 403
479 210
1258 42
1792 628
350 15
155 1618
1669 1170
1501 1674
1669 56
217 999
1669 499
1669 846
895 730
1906 1114
511 24
1587 419
1291 1198
1435 990
1952 1705
1550 1987
1254 54
1440 1751
1998 1974
217 1258
1669 73
895 230
1669 991
1669 1790
1586 1731
1743 411
453 1739
1952 1017
1550 1906
999 1639
1706 462
430 1952
1159 1770
1159 1201
1159 1404
453 1281
1159 971
1952 1655
834 839
410 245
691 425
895 1768
999 21
1369 1323
1499 526
1159 1659
1874 312
1770 306
1274 191
1287 1619
1258 21
1844 605
1701 1312
713 1586
737 1854
1874 788
1874 1962
1876 208
993 632
1369 817
1241 479
465 1674
1501 1844
839 839
1874 90
1 242
1680 1685
702 48
1369 1992
895 545
895 124
1586 1792
1876 1175
1522 1580
1274 1690
1952 2009
1669 1139
1906 1277
1159 1648
511 1688
1874 1481
1586 690
453 2006
1287 363
817 1073
411 1974
410 728
1706 158
34 403
1839 867
1874 1957
511 14
713 1393
1669 630
984 1697
1874 670
1 1726
453 1725
1874 1844
1037 1195
1770 585
539 918
1693 1679
246 546
266 266
1669 1905
713 1813
1906 728
1874 411
1706 432
1874 561
511 1434
329 1258
1287 1125
350 1706
1987 1587
713 1619
585 211
217 841
1833 1324
1159 1076
1159 643
1874 1472
1874 887
1839 109
1674 479
939 1380
1287 1601
1629 585
1258 1843
895 1647
547 363
1669 953
547 1631
165 1839
1586 1011
1159 223
1839 423
702 542
1770 1792
1198 1844
1258 1858
1669 1310
34 627
1 1719
1874 1839
817 1674
737 218
794 1878
1254 988
993 1617
1669 1455
1669 309
1998 21
1768 1500
1 967
1952 893
260 701
1097 2016
1669 1584
412 1930
898 1205
1159 760
1874 1467
1 1028
350 918
424 105
691 630
1669 1601
1706 128
1706 1814
1874 1354
511 737
1625 299
1669 1287
412 412
34 1899
1874 71
1159 1491
1586 1767
1839 285
1 530
1328 410
463 1011
999 1110
1629 1839
1369 1430
1440 1634
948 365
895 107
203 1706
1706 1096
453 938
329 1601
1159 506
1 1260
1 1593
829 1897
999 626
713 1629
585 1963
1669 794
1874 284
1706 1934
1277 1500
1669 1279
895 1192
585 539
585 1844
895 329
1159 2028
1522 536
476 855
1874 1934
1706 1809
1751 535
939 1974
999 1278
246 1842
737 1995
1159 1480
1586 385
1550 630
691 1523
1874 1712
1751 718
479 151
963 1712
1669 1111
882 547
1007 1136
1952 1876
1770 1770
999 1894
203 539
1894 536
1839 434
1287 476
1587 1258
999 1576
1369 457