53 53 
91 238 
111 227 
1472 1325 
149 1538 
999 1092 
191 155 
1242 1727 
1357 94 
1370 283 
138 996 
38 149 
832 1670 
1403 337 
48 1173 
1197 1195 
844 85 
271 305 
1180 1707 
464 649 
455 453 
296 338 
23 257 
1472 1257 
961 64 
1001 1043 
362 1759 
1050 814 
809 916 
61 63 
742 1118 
47 124 
908 984 
742 1065 
50 387 
1319 1359 
107 190 
1004 64 
1472 274 
412 941 
455 521 
1472 385 
171 810 
996 967 
412 988 
1172 1310 
805 787 
330 373 
1472 48 
333 1554 
560 602 
740 824 
46 393 
727 710 
124 889 
384 384 
1472 175 
279 541 
1267 1206 
1472 222 
920 1717 
48 236 
1060 1021 
379 666 
1472 845 
224 941 
1770 1458 
47 1067 
1001 171 
215 225 
54 33 
129 158 
149 211 
7 149 
1472 619 
61 1356 
46 1248 
1613 606 
379 361 
1402 1147 
1472 666 
742 988 
1132 1740 
952 366 
91 202 
920 972 
9 211 
485 478 
844 155 
47 988 
34 1293 
909 1213 
1298 1308 
109 115 
793 1692 
1496 649 
67 1391 
999 1358 
965 1126 
988 1289 
807 839 
1472 1094 
168 1310 
48 1024 
774 1684 
1293 1128 
1361 1422 
165 131 
224 1045 
836 1096 
605 661 
496 437 
67 1050 
1050 1089 
575 558 
409 403 
531 460 
168 38 
149 1325 
50 54 
362 356 
236 333 
399 1205 
316 341 
46 58 
751 1103 
1472 28 
560 582 
79 54 
271 1052 
1704 998 
965 194 
967 1096 
130 1767 
1342 1132 
1472 826 
957 958 
559 606 
432 55 
920 155 
1472 984 
64 977 
138 120 
231 1439 
404 411 
999 1198 
47 1325 
409 523 
38 608 
98 1751 
1472 742 
815 808 
211 768 
90 115 
0 151 
1472 1301 
657 715 
471 675 
700 879 
751 1003 
74 1179 
407 411 
1261 970 
50 1248 
768 283 
380 383 
471 528 
113 28 
989 979 
97 1115 
48 897 
1373 1441 
1062 916 
73 1490 
1047 1036 
941 1249 
48 784 
1226 1137 
1087 1732 
109 889 
146 133 
1055 1146 
1310 1341 
1472 1233 
170 271 
1117 1273 
53 594 
330 969 
1385 1421 
996 1322 
117 271 
999 929 
94 1757 
1067 861 
861 896 
3 50 
1389 362 
72 751 
1472 346 
149 1345 
1080 271 
909 155 
110 922 
185 1345 
1749 107 
1024 1026 
46 86 
209 1263 
1172 1018 
909 236 
83 207 
607 608 
1055 988 
814 970 
73 374 
441 506 
1472 774 
867 1128 
116 188 
1331 1741 
379 578 
867 941 
1111 1174 
105 54 
128 107 
555 596 
146 1180 
404 456 
727 306 
1006 895 
20 24 
114 143 
1472 595 
404 447 
149 380 
314 317 
46 1004 
1155 1170 
157 129 
168 922 
830 1720 
48 752 
380 189 
241 225 
941 914 
138 961 
1003 1113 
67 1686 
909 1221 
471 564 
751 892 
932 1082 
204 209 
1472 1055 
49 784 
48 941 
660 684 
809 814 
330 779 
1012 803 
1472 1166 
8 11 
762 790 
122 169 
605 684 
109 861 
1012 850 
259 410 
1325 1375 
1055 1118 
7 1492 
941 1110 
1444 1459 
951 1009 
421 434 
762 1000 
50 412 
107 213 
130 260 
1472 311 
97 863 
67 867 
399 1404 
1472 422 
224 326 
370 784 
1050 399 
1472 469 
117 182 
55 224 
12 149 
1050 161 
1472 243 
59 82 
889 807 
146 818 
202 1178 
1050 208 
236 970 
863 1091 
21 18 
1472 866 
957 1050 
116 144 
1295 1270 
211 764 
620 608 
54 90 
382 375 
149 190 
477 1601 
768 1000 
146 980 
37 1001 
1472 512 
370 182 
30 98 
910 946 
50 1380 
921 1711 
208 180 
380 82 
367 852 
1472 1326 
980 1021 
74 916 
789 1285 
1285 384 
238 227 
220 954 
1472 1373 
64 1110 
792 346 
850 1156 
1080 941 
431 457 
1046 1094 
807 930 
666 786 
1472 1147 
146 186 
1472 1258 
243 790 
1036 811 
374 60 
1024 803 
341 429 
1007 1036 
146 205 
700 740 
264 256 
996 1250 
867 250 
387 90 
541 613 
1319 1358 
1069 1315 
1472 275 
792 901 
334 632 
179 845 
236 362 
311 344 
1472 386 
774 848 
813 758 
67 1004 
1438 1455 
671 744 
124 1495 
54 762 
715 668 
1472 49 
408 408 
117 138 
399 1142 
1472 160 
283 1205 
63 1445 
1301 387 
1768 1246 
1267 1209 
441 449 
1472 223 
546 612 
283 886 
1194 868 
109 1080 
537 415 
1472 846 
295 443 
48 124 
1001 170 
965 271 
914 1087 
1285 1244 
21 423 
1472 1021 
412 1328 
1714 337 
1472 620 
764 782 
67 70 
727 250 
312 287 
243 265 
685 674 
337 828 
856 860 
1670 703 
168 1106 
64 1027 
1155 1147 
1403 399 
185 354 
994 728 
1472 1064 
67 1390 
47 844 
889 1226 
768 1691 
431 493 
654 1648 
1472 1095 
774 1685 
341 464 
640 617 
400 398 
138 1054 
1373 1406 
605 660 
1117 1029 
1472 383 
370 969 
740 1155 
944 952 
49 740 
1403 1458 
46 59 
415 386 
783 722 
37 412 
1472 29 
260 1089 
560 583 
941 182 
1004 1326 
1472 140 
60 1730 
219 803 
454 1614 
37 766 
867 1103 
1472 827 
955 87 
867 803 
1167 1090 
961 1338 
1369 1445 
201 509 
1067 1242 
146 1062 
1472 938 
957 814 
146 909 
988 900 
275 723 
1472 985 
81 224 
1095 1133 
50 1373 
34 54 
81 113 
1311 961 
1613 577 
716 653 
55 541 
1472 743 
752 889 
91 809 
1252 958 
1472 1302 
941 941 
651 651 
851 851 
941 830 
807 917 
523 546 
1433 1147 
1285 250 
1174 775 
204 829 
48 1069 
467 469 
1310 1314 
957 202 
1474 84 
1369 186 
374 100 
1167 107 
50 358 
105 977 
1120 836 
109 777 
37 124 
97 961 
109 922 
346 1404 
130 289 
1472 347 
259 236 
9 1525 
50 219 
73 138 
1472 458 
404 550 
83 97 
1267 1107 
91 1230 
1472 121 
1752 177 
560 611 
1367 1460 
79 186 
83 191 
172 1556 
909 973 
412 1067 
73 373 
236 999 
1472 775 
957 961 
337 184 
1001 209 
287 862 
72 59 
330 1027 
93 1487 
717 1685 
957 1126 
1070 107 
1180 1535 
7 79 
441 219 
168 893 
162 135 
1375 1437 
55 752 
114 140 
367 194 
1472 596 
1682 1339 
1001 412 
253 311 
1142 1031 
807 202 
400 1199 
1472 707 
1180 1036 
411 541 
138 895 
64 1244 
1247 840 
1252 850 
226 532 
902 885 
81 383 
7 531 
789 1361 
366 1556 
695 678 
1262 1746 
67 1318 
48 942 
1174 803 
73 1485 
38 73 
1036 1236 
1385 1358 
1472 1167 
1012 1272 
762 791 
122 182 
217 154 
111 1062 
220 1743 
1050 1252 
1310 1310 
109 1005 
402 399 
335 351 
1319 1445 
107 212 
1004 94 
914 370 
454 443 
1472 264 
1396 1439 
807 1126 
1472 423 
1403 1421 
961 934 
412 1018 
1046 961 
330 351 
1472 470 
792 1096 
740 774 
1179 209 
1472 69 
793 782 
54 825 
1472 244 
374 1050 
836 891 
50 944 
1472 867 
116 145 
79 271 
47 1041 
48 81 
46 700 
1295 1265 
620 609 
215 223 
1050 64 
1472 914 
48 32 
1472 513 
149 302 
61 1318 
727 209 
20 61 
204 306 
98 1325 
1472 688 
114 3 
380 194 
109 508 
91 785 
121 1494 
300 1539 
178 1507 
1003 1092 
471 618 
807 972 
217 980 
252 379 
1118 1118 
1285 161 
807 861 
1145 988 
1472 1148 
1001 1152 
375 383 
1022 1262 
23 259 
1472 1259 
1001 1041 
1261 179 
1083 1087 
809 922 
98 179 
762 922 
952 1006 
977 1209 
83 330 
1472 276 
977 1226 
356 1169 
211 238 
411 496 
1472 387 
614 528 
170 905 
948 1132 
1472 50 
1752 250 
958 1053 
334 283 
170 792 
740 826 
130 186 
1472 161 
50 965 
965 236 
89 793 
1285 1337 
1472 208 
957 920 
412 1043 
1431 1444 
1147 1147 
61 1128 
741 710 
47 1077 
465 459 
1535 300 
125 97 
362 853 
1155 850 
1029 1205 
903 1692 
1472 1022 
867 996 
49 1713 
362 740 
1472 621 
149 322 
1717 861 
1080 1294 
0 30 
113 699 
1472 668 
241 223 
171 180 
74 905 
1324 399 
167 128 
1472 1466 
130 790 
1472 1065 
168 1393 
243 727 
133 129 
1483 391 
252 671 
179 383 
130 905 
807 833 
1675 773 
186 893 
151 1021 
1472 1112 
986 996 
165 129 
810 182 
23 295 
460 451 
1001 1037 
1145 1242 
1293 412 
27 81 
335 358 
54 1118 
922 814 
155 181 
356 786 
1408 1421 
74 47 
259 243 
740 1016 
784 850 
404 515 
224 271 
1126 1084 
69 121 
73 126 
2 34 
1167 1199 
432 459 
1087 1092 
1357 1113 
844 876 
454 1615 
441 476 
1472 828 
1080 1117 
1369 1444 
1686 827 
620 538 
159 174 
1067 1245 
1472 939 
82 425 
768 802 
1007 155 
96 373 
1472 986 
1424 1449 
50 1370 
412 1301 
73 523 
186 362 
1472 585 
961 1268 
50 1325 
768 64 
38 614 
777 790 
358 1015 
418 440 
807 182 
220 972 
138 811 
803 1251 
107 1310 
621 664 
768 366 
527 1616 
1 1506 
1403 283 
941 846 
47 867 
73 1488 
48 1070 
47 208 
341 499 
893 1702 
146 131 
455 399 
1248 1062 
623 626 
61 101 
541 556 
50 73 
1244 1133 
893 1145 
540 1624 
1056 155 
779 996 
341 1591 
415 464 
1 420 
1472 459 
149 740 
117 208 
862 282 
1472 122 
374 1164 
1297 129 
1367 1463 
909 891 
1022 988 
969 208 
1087 1144 
810 768 
1080 1162 
1058 1082 
50 909 
231 846 
1209 1214 
179 723 
1050 250 
1472 792 
116 190 
335 988 
48 182 
814 827 
358 343 
54 124 
717 1684 
1285 1154 
920 330 
1472 951 
525 525 
1472 550 
30 4 
1375 1436 
205 179 
777 818 
1313 832 
63 85 
768 219 
792 209 
170 173 
969 1259 
177 803 
610 638 
1012 958 
1472 1041 
977 981 
320 496 
1242 107 
523 577 
1041 1036 
107 1560 
312 1472 
182 1002 
73 1484 
48 1482 
146 231 
491 1594 
1365 208 
1012 1128 
37 31 
97 1004 
179 194 
50 1734 
531 409 
753 729 
335 1563 
454 459 
1472 440 
614 629 
50 252 
1063 540 
454 346 
399 1263 
1472 471 
170 1033 
83 124 
73 54 
844 1145 
130 215 
128 1361 
1001 914 
732 774 
810 996 
1111 1110 
1472 868 
204 1194 
211 766 
869 1704 
362 894 
202 967 
1472 915 
367 1759 
1018 1161 
373 1694 
789 908 
96 317 
1472 514 
168 858 
283 1303 
409 592 
768 921 
253 361 
863 1008 
55 727 
957 1387 
1070 358 
828 853 
143 176 
60 850 
1114 961 
214 239 
236 1311 
1472 1375 
47 965 
909 1174 
178 1504 
412 117 
179 354 
1050 1319 
67 1285 
358 1128 
464 539 
891 900 
50 348 
146 203 
460 559 
565 508 
383 177 
402 496 
957 98 
920 1357 
813 978 
742 1068 
13 10 
1472 277 
3 12 
60 107 
170 999 
211 241 
191 911 
140 147 
537 545 
224 356 
1205 1170 
1438 1453 
1118 129 
809 1697 
844 1018 
1001 1021 
836 954 
179 621 
1472 162 
560 556 
47 1238 
374 920 
967 1121 
1172 1151 
1472 209 
168 393 
1167 1128 
1080 1090 
1285 1353 
1472 832 
1055 807 
243 237 
957 889 
867 999 
1369 1385 
768 1014 
236 1230 
1472 622 
312 289 
74 1408 
922 1062 
1472 669 
1058 346 
338 1549 
46 810 
752 863 
182 1722 
220 1001 
560 1634 
1472 1292 
63 109 
1421 1405 
50 1128 
471 664 
814 1182 
50 1275 
1472 1066 
902 973 
62 62 
138 1338 
1036 747 
48 920 
1107 1138 
1472 1113 
279 1527 
1004 370 
217 160 
252 527 
201 619 
146 156 
1106 1222 
734 671 
868 1685 
367 1326 
1474 78 
67 1422 
1046 1346 
217 209 
752 362 
182 1169 
1069 1268 
399 1424 
226 240 
541 583 
164 174 
74 44 
97 133 
727 897 
126 280 
608 631 
1472 480 
922 961 
671 718 
412 803 
328 318 
1472 31 
124 920 
412 850 
220 107 
684 730 
1682 785 
1004 1215 
695 1670 
98 1018 
337 338 
889 989 
109 1050 
920 367 
1472 940 
149 131 
1404 1147 
1004 1117 
983 812 
1748 208 
404 55 
295 302 
243 201 
412 1302 
54 179 
236 1074 
55 750 
614 1655 
9 274 
1080 1323 
399 237 
48 727 
541 1632 
873 892 
1058 209 
306 1462 
107 1297 
178 1497 
454 518 
74 938 
920 858 
1472 1415 
156 148 
446 490 
751 869 
271 197 
1472 1078 
243 690 
64 1295 
28 77 
192 1507 
1248 1096 
1087 1729 
240 235 
110 1713 
1472 1236 
1167 117 
362 1554 
623 637 
809 977 
61 100 
942 727 
109 920 
1472 302 
151 87 
155 144 
140 196 
74 64 
697 981 
149 1358 
567 604 
73 136 
537 537 
1472 460 
1115 1092 
1155 209 
661 1656 
224 155 
1205 1147 
1111 988 
1018 1021 
528 451 
909 890 
325 371 
128 977 
82 104 
126 97 
1472 793 
211 741 
1369 1415 
523 1597 
1472 904 
1128 1082 
984 850 
146 1007 
202 819 
614 1664 
1472 551 
404 459 
920 250 
1424 1430 
1142 1258 
38 560 
236 1046 
957 1350 
1113 1188 
1472 709 
171 110 
116 1494 
574 672 
1472 1396 
252 482 
454 610 
53 255 
540 743 
523 499 
123 119 
217 1022 
1472 1042 
1062 951 
217 111 
965 1083 
1361 878 
1055 1226 
605 681 
363 322 
330 921 
1007 961 
957 236 
48 1370 
1720 962 
941 1107 
231 459 
1361 1380 
951 1010 
779 805 
1472 266 
61 1581 
186 1415 
663 1659 
301 298 
454 456 
1472 441 
224 1709 
279 279 
715 757 
1472 40 
117 179 
467 1608 
905 813 
121 176 
779 737 
73 390 
1472 246 
900 871 
334 479 
922 219 
967 1037 
159 208 
1472 869 
922 330 
47 1043 
1080 1046 
1001 179 
471 179 
130 1373 
382 378 
1472 916 
224 884 
130 1484 
47 1393 
335 721 
105 160 
20 63 
1472 690 
47 742 
980 905 
90 135 
204 387 
168 1145 
464 464 
1001 271 
146 260 
1128 830 
1472 1360 
49 1111 
1080 961 
1395 840 
1388 1415 
191 357 
1298 1351 
988 1313 
1070 803 
48 1048 
809 783 
166 188 
1472 1261 
1001 1047 
941 1062 
50 349 
605 653 
809 920 
1055 1087 
541 497 
67 1058 
341 283 
605 574 
863 250 
1145 1197 
226 237 
1458 1778 
107 178 
1472 278 
211 240 
283 271 
965 807 
920 1132 
387 381 
67 977 
358 208 
412 984 
527 593 
73 64 
37 485 
1472 52 
333 1550 
996 850 
12 37 
124 885 
124 1089 
550 557 
1433 399 
1472 163 
83 136 
209 1349 
124 996 
640 1653 
415 201 
239 277 
1472 210 
138 366 
1366 1330 
710 694 
146 789 
922 1682 
117 1294 
938 1061 
862 924 
1472 1008 
1036 209 
98 825 
1709 182 
110 380 
1472 623 
47 1301 
752 961 
91 81 
825 891 
204 336 
920 929 
846 803 
1221 1021 
47 762 
1368 1375 
129 1305 
922 1110 
1472 1293 
9 215 
1058 202 
485 474 
74 951 
941 983 
889 1118 
138 900 
807 1010 
1070 972 
1472 1067 
217 54 
312 862 
1472 1114 
977 540 
889 1208 
770 727 
146 157 
165 143 
1055 1154 
23 289 
1415 1425 
454 231 
792 710 
867 138 
367 1438 
47 1728 
961 209 
1655 649 
920 1194 
226 241 
615 617 
1293 1751 
1338 1268 
531 464 
330 179 
1472 370 
219 1036 
922 863 
279 238 
50 50 
412 909 
770 795 
1472 481 
1126 1074 
46 62 
50 133 
415 399 
73 124 
1342 1334 
1403 1316 
941 179 
279 460 
893 1318 
1172 1197 
130 156 
1472 143 
810 810 
867 727 
1080 1264 
1082 1182 
454 1613 
1586 498 
1472 830 
889 988 
1369 1450 
49 165 
146 889 
37 844 
1472 941 
370 283 
63 972 
893 941 
55 376 
1472 988 
28 1508 
825 806 
1006 871 
1472 587 
149 356 
1380 1356 
1015 751 
49 1324 
980 1158 
107 1522 
124 460 
1126 967 
1472 762 
999 1083 
114 73 
367 905 
1472 1385 
170 183 
762 1145 
1061 969 
1472 1432 
50 1180 
1356 862 
117 632 
62 219 
67 1359 
942 907 
692 1666 
146 110 
807 871 
1385 1367 
1472 1190 
1389 1759 
1007 940 
23 325 
955 1089 
531 1594 
235 803 
74 367 
952 825 
402 422 
920 1303 
164 380 
1069 1239 
1429 1434 
1472 303 
135 1497 
1099 64 
346 1258 
792 960 
740 926 
9 1530 
567 607 
1142 209 
54 1370 
46 90 
374 551 
692 712 
1472 124 
204 1442 
408 467 
279 464 
83 211 
304 292 
358 107 
1472 235 
701 759 
1162 1147 
172 1559 
374 961 
1004 1180 
784 237 
253 240 
657 1649 
867 1132 
1472 794 
1422 1124 
211 740 
809 1067 
1050 107 
219 177 
1472 905 
867 977 
281 278 
1242 1299 
1318 1124 
768 768 
202 816 
98 1429 
1472 568 
367 94 
850 900 
48 406 
966 1026 
91 104 
404 443 
980 1178 
428 449 
1006 1010 
920 921 
1472 710 
922 1055 
380 185 
146 289 
81 380 
1022 1047 
217 844 
664 1657 
1714 969 
62 100 
46 1385 
471 560 
807 954 
1472 1043 
232 1514 
374 165 
1248 1254 
358 1090 
784 1141 
271 329 
1472 1154 
122 181 
341 405 
74 304 
1628 596 
941 1106 
1311 1304 
1473 117 
575 541 
840 854 
454 446 
164 144 
1472 267 
1307 202 
1128 445 
226 185 
48 1721 
211 215 
179 885 
404 598 
168 226 
920 1041 
67 1012 
63 1199 
412 1013 
1525 171 
54 1318 
117 178 
124 850 
1472 88 
149 887 
50 988 
124 1197 
47 1197 
211 275 
105 1576 
224 902 
1454 186 
889 916 
778 1687 
125 90 
768 893 
220 370 
1285 1252 
1730 1021 
1472 917 
149 186 
758 758 
64 1006 
1111 1206 
20 73 
275 268 
1472 516 
341 531 
124 389 
825 862 
20 56 
53 1627 
957 1385 
46 1080 
49 1396 
1080 740 
105 304 
128 361 
1070 727 
485 421 
214 237 
50 1090 
124 107 
768 185 
694 827 
167 153 
1472 1361 
471 615 
313 381 
1567 395 
742 742 
191 356 
1293 1262 
814 1267 
72 1024 
1171 346 
527 510 
768 455 
1050 1317 
941 1172 
235 717 
988 1233 
204 832 
1472 1262 
224 1038 
762 822 
941 1061 
1024 807 
605 652 
237 264 
1007 996 
72 1357 
179 179 
38 1638 
1408 1444 
789 1703 
164 180 
438 575 
1472 279 
666 722 
209 1033 
412 938 
1248 1742 
311 340 
1472 390 
224 358 
1015 1740 
179 1322 
50 158 
287 223 
490 489 
40 408 
1472 53 
334 286 
1024 1230 
1018 963 
728 805 
217 1036 
124 1090 
1472 164 
814 919 
1001 908 
727 690 
1472 211 
1686 786 
362 961 
1087 1283 
21 50 
867 920 
362 1444 
1004 1147 
1197 208 
1369 1391 
341 582 
65 1063 
34 46 
271 1531 
1472 608 
171 395 
1369 1176 
379 364 
162 202 
114 211 
1472 671 
868 824 
60 1261 
9 325 
595 608 
1613 554 
1172 208 
1003 1287 
220 1247 
922 1111 
1472 1294 
920 977 
485 473 
1062 1143 
171 198 
431 376 
69 1195 
130 789 
38 170 
920 751 
48 922 
303 306 
1132 1150 
1768 346 
988 1286 
1472 1115 
320 314 
1248 1198 
23 288 
1472 1226 
762 842 
1242 208 
1325 1443 
17 24 
1429 1413 
38 374 
97 810 
792 886 
156 1497 
107 145 
893 1106 
1357 995 
1472 371 
961 1010 
941 1724 
1118 208 
73 146 
399 1200 
957 358 
1024 1083 
1167 727 
675 653 
366 728 
1472 17 
171 922 
889 129 
83 54 
961 540 
82 1567 
451 442 
1142 916 
1472 128 
1055 999 
63 1477 
893 842 
50 996 
231 807 
54 996 
454 1602 
955 107 
867 807 
374 1089 
1610 509 
1318 1262 
1022 129 
146 1058 
1472 942 
61 1161 
48 28 
1015 1044 
1004 1119 
752 1024 
914 1055 
1472 989 
50 1369 
149 355 
61 1387 
243 376 
105 383 
1641 652 
74 1442 
204 373 
1472 763 
81 390 
908 1147 
335 1337 
762 1047 
346 994 
1199 1181 
170 180 
105 409 
250 1362 
1472 1433 
137 150 
889 1145 
199 208 
1216 1226 
1472 1032 
1061 1066 
146 111 
809 821 
1055 1232 
1472 1191 
260 251 
1001 1117 
363 344 
996 1344 
1021 1011 
1050 867 
383 250 
402 423 
1325 1415 
61 98 
740 697 
727 1089 
550 430 
792 850 
144 129 
164 204 
1472 351 
1401 367 
792 961 
740 927 
762 179 
9 1529 
179 905 
1 441 
550 648 
715 715 
1472 462 
758 815 
279 354 
83 101 
211 24 
909 231 
550 539 
1472 125 
560 615 
1001 955 
1004 1294 
967 1178 
1761 1421 
1472 236 
1001 836 
58 399 
47 1145 
1368 988 
1369 1413 
961 1306 
358 330 
814 830 
1066 1075 
1067 1082 
845 860 
1472 906 
288 1527 
893 944 
177 356 
236 1153 
111 1015 
1472 569 
117 1142 
850 901 
7 216 
941 346 
67 117 
98 1285 
1472 680 
920 107 
81 81 
908 1160 
560 1629 
920 922 
1454 1415 
658 1650 
9 238 
1015 784 
1368 1415 
138 970 
50 1070 
252 508 
789 1373 
129 1521 
610 650 
224 1285 
156 250 
1103 1750 
1401 862 
208 1509 
1472 1044 
47 768 
1472 1155 
1285 107 
1007 963 
98 171 
727 1268 
1634 662 
1361 1370 
109 1001 
1232 878 
130 366 
779 807 
1180 117 
50 104 
179 884 
177 1742 
130 432 
1472 443 
809 237 
1438 1460 
122 374 
54 1319 
97 60 
186 1767 
727 824 
73 388 
94 1278 
867 1082 
1472 200 
337 271 
1111 1107 
1366 1300 
909 1005 
236 967 
1472 871 
63 950 
727 399 
219 156 
55 306 
537 55 
1472 918 
758 759 
373 1691 
34 11 
412 1321 
110 358 
20 74 
1472 517 
727 237 
162 167 
271 891 
1472 692 
9 296 
191 48 
428 422 
105 311 
641 1647 
90 133 
1472 1315 
980 1018 
1297 1333 
124 219 
1118 1203 
435 1588 
1713 337 
61 742 
1301 1302 
1472 1136 
770 753 
109 171 
146 183 
914 1741 
23 287 
138 1127 
693 1667 
905 540 
944 1142 
969 337 
50 1769 
179 803 
370 1162 
110 996 
37 274 
537 550 
1472 391 
740 855 
1629 663 
192 197 
412 986 
164 107 
809 346 
1472 54 
168 366 
330 383 
455 916 
149 1525 
217 1043 
54 878 
109 1297 
1472 165 
560 559 
996 803 
50 961 
909 896 
789 346 
537 497 
77 408 
1472 212 
1285 1317 
867 1110 
465 446 
897 969 
201 452 
1472 835 
938 1059 
390 398 
211 671 
105 96 
1021 178 
1248 250 
54 59 
311 1532 
1472 1010 
758 723 
910 992 
34 47 
916 177 
789 941 
168 825 
335 695 
944 138 
214 300 
50 1285 
330 1337 
1472 656 
81 409 
1276 1402 
752 850 
220 996 
74 1054 
367 887 
243 445 
60 1117 
124 136 
250 1343 
454 537 
146 358 
1472 1470 
9 38 
485 553 
109 109 
38 171 
1472 1069 
48 1207 
1203 1199 
1285 129 
1001 1120 
1114 117 
485 779 
312 1531 
53 471 
201 616 
1047 1111 
988 1206 
61 1004 
155 107 
1373 1401 
138 1258 
909 399 
94 1771 
917 900 
130 342 
920 1196 
191 863 
107 144 
74 43 
330 177 
1472 372 
67 830 
411 464 
50 48 
1338 1381 
362 366 
1472 483 
170 1085 
762 271 
283 666 
909 194 
231 64 
199 1510 
97 100 
836 921 
412 1197 
1472 129 
1472 816 
61 1047 
370 390 
387 902 
673 669 
379 700 
920 370 
1472 943 
1529 306 
1015 1047 
362 1433 
69 1721 
185 852 
172 182 
1288 1164 
236 1069 
146 1221 
168 789 
1380 1358 
107 1524 
1162 399 
1472 1387 
9 241 
64 1124 
83 1472 
803 1255 
485 508 
384 1367 
475 570 
47 1022 
893 1600 
199 211 
240 256 
1472 1033 
1024 194 
126 1004 
146 108 
977 1354 
1472 1208 
170 358 
83 955 
697 655 
951 1030 
1472 1239 
191 669 
957 54 
944 891 
961 179 
852 860 
1444 1300 
807 1256 
130 314 
1472 289 
168 121 
1370 1396 
50 69 
454 483 
1051 231 
40 51 
1472 336 
3 73 
1103 1190 
1048 1055 
527 538 
1472 463 
1254 1249 
121 153 
63 1050 
784 961 
30 1489 
1252 1110 
2 2 
54 1483 
1472 126 
408 469 
7 279 
1438 1147 
988 208 
1472 237 
82 103 
1388 337 
512 586 
1067 1196 
957 1264 
1472 796 
1110 1086 
211 742 
412 1111 
237 666 
130 1396 
219 179 
109 1275 
1472 907 
984 853 
236 1154 
246 795 
162 128 
38 567 
74 1396 
1472 681 
1380 1378 
9 307 
1276 1331 
394 383 
1190 999 
91 155 
1472 728 
168 896 
126 1247 
747 820 
1319 362 
220 940 
114 107 
1472 1399 
81 370 
941 908 
1293 1399 
53 252 
9 126 
1388 1438 
807 948 
208 1510 
67 1325 
501 443 
1041 1024 
412 412 
1472 1156 
170 346 
1001 1080 
334 836 
740 719 
48 1373 
67 1099 
1672 936 
1444 1465 
989 1720 
60 236 
387 100 
1205 1432 
107 203 
1117 1096 
54 1050 
1472 269 
3 20 
1055 1402 
683 694 
1001 747 
861 879 
1711 879 
1472 444 
97 194 
212 245 
412 1015 
758 776 
224 1567 
1297 208 
358 186 
124 876 
130 211 
1472 90 
1318 1365 
50 986 
325 340 
220 46 
1472 201 
374 803 
50 941 
463 1643 
63 1389 
784 346 
74 1718 
867 1307 
1408 399 
752 984 
825 860 
98 1318 
1472 693 
205 194 
1417 1300 
64 1166 
1155 1268 
984 1103 
109 358 
1472 1316 
1099 1095 
146 259 
220 944 
422 476 
647 653 
1421 1446 
220 807 
523 528 
742 740 
1080 947 
1050 1315 
868 346 
942 961 
762 709 
47 807 
252 743 
236 156 
109 170 
182 970 
1472 1248 
1435 1300 
156 1021 
165 121 
61 56 
27 72 
48 1401 
1590 459 
1173 1069 
700 337 
778 787 
374 464 
1300 1440 
107 183 
0 1471 
1472 361 
1198 1303 
2 168 
73 1576 
1472 408 
168 192 
346 1184 
73 69 
220 236 
1472 55 
170 1513 
126 194 
1472 166 
149 905 
50 1022 
325 328 
1 130 
537 496 
1472 213 
1403 1147 
1538 360 
412 1128 
1022 107 
508 501 
73 304 
1161 1163 
1472 836 
149 107 
867 922 
428 214 
1595 470 
125 124 
275 701 
438 411 
1472 1011 
867 1003 
211 527 
379 497 
1301 208 
1709 179 
98 1371 
168 826 
1169 1170 
49 1285 
379 366 
1472 657 
9 331 
46 1114 
358 972 
73 844 
1673 1095 
171 171 
445 968 
69 1004 
124 137 
938 219 
367 999 
9 37 
725 753 
543 544 
306 1633 
471 517 
204 128 
739 781 
1472 1070 
999 1351 
375 425 
527 476 
784 1056 
1472 1117 
170 387 
63 1756 
1361 1415 
535 598 
807 717 
810 179 
1311 1357 
50 380 
431 201 
330 988 
367 1435 
1663 843 
1021 862 
334 559 
367 1032 
1293 1748 
505 451 
343 807 
164 170 
1472 373 
792 999 
50 49 
1472 484 
958 1107 
226 494 
211 126 
1438 1421 
73 97 
1472 19 
224 243 
996 881 
79 63 
1056 850 
1004 1316 
909 850 
94 1316 
1472 130 
1682 781 
325 300 
219 825 
867 1141 
957 951 
374 1095 
893 825 
362 803 
1472 928 
149 143 
390 107 
105 67 
859 870 
1128 1105 
390 250 
74 1361 
441 50 
1472 590 
168 790 
999 1191 
409 524 
48 380 
980 861 
564 576 
130 1058 
1472 765 
1433 1458 
110 121 
1472 1388 
170 178 
9 240 
1421 1437 
412 155 
1155 1117 
1472 1435 
49 1180 
235 617 
240 257 
132 153 
445 206 
965 1091 
1472 1209 
97 1485 
122 156 
217 128 
237 317 
113 375 
743 759 
1154 1148 
402 421 
60 201 
903 775 
460 627 
27 48 
179 237 
177 1367 
164 383 
952 939 
130 315 
1472 290 
961 803 
545 556 
1472 337 
986 1261 
412 1004 
537 541 
54 1369 
170 1054 
83 103 
306 314 
73 29 
664 664 
884 883 
79 19 
337 400 
217 1098 
1472 238 
334 455 
49 117 
412 1057 
1598 421 
73 383 
988 64 
952 1110 
1472 797 
116 187 
98 922 
337 178 
889 1021 
673 696 
211 745 
1001 219 
1285 977 
1472 908 
82 390 
1111 1199 
54 224 
402 513 
1232 1036 
592 583 
1695 811 
149 276 
47 1369 
124 380 
50 1403 
343 194 
81 87 
46 1015 
73 955 
914 1315 
1472 729 
117 1174 
337 894 
1000 202 
768 208 
366 1711 
237 221 
74 1111 
114 104 
1472 1352 
170 150 
53 251 
1080 920 
768 1706 
146 62 
1472 1046 
156 107 
893 1748 
1154 1342 
49 922 
467 503 
1484 104 
1107 1183 
576 597 
1325 1368 
1698 786 
50 260 
752 182 
1656 664 
91 1380 
54 1128 
224 494 
1092 1135 
614 671 
151 119 
121 90 
742 1172 
770 815 
454 460 
1472 445 
61 358 
1438 1466 
2 116 
370 666 
496 545 
467 1612 
46 117 
654 628 
1472 91 
208 1744 
1022 1021 
126 54 
73 394 
1155 94 
1472 202 
867 784 
73 283 
1472 889 
61 1118 
116 159 
889 921 
428 243 
999 356 
125 87 
130 1369 
1472 1000 
1111 1203 
565 591 
732 464 
914 1125 
1472 519 
149 296 
961 1030 
30 101 
341 528 
1117 803 
55 722 
74 1385 
114 170 
98 1319 
1472 694 
49 1385 
138 138 
412 1737 
1248 941 
1472 1317 
46 1454 
999 1148 
1179 1178 
1080 965 
217 941 
100 862 
986 155 
1070 807 
1080 803 
809 883 
23 281 
1472 1249 
373 852 
697 710 
367 1414 
999 913 
1300 1330 
341 295 
952 1012 
1324 1096 
455 739 
402 493 
528 579 
749 763 
50 1767 
807 1203 
473 512 
1472 362 
231 201 
185 1297 
73 1583 
1472 409 
149 694 
412 980 
1048 1112 
1472 8 
334 285 
113 1248 
330 460 
1472 167 
49 44 
909 958 
1285 1315 
1472 214 
810 965 
146 1085 
337 250 
1207 999 
1433 94 
146 1100 
1197 205 
1472 1012 
149 219 
918 918 
30 54 
379 496 
433 1592 
91 36 
219 107 
98 1368 
1132 1732 
485 373 
87 129 
241 209 
1293 1325 
124 138 
909 1060 
1118 1282 
471 663 
1325 988 
1472 1456 
170 110 
889 1122 
1022 1106 
825 202 
132 166 
988 1281 
1472 1118 
61 889 
48 1080 
46 1559 
374 224 
85 115 
770 723 
74 740 
146 153 
109 141 
1174 1005 
1036 1178 
48 1431 
260 800 
762 952 
528 528 
17 29 
399 1439 
541 578 
1015 399 
164 171 
1472 374 
922 859 
944 959 
50 46 
984 400 
231 237 
177 1556 
110 902 
1472 485 
61 1730 
116 275 
188 160 
351 660 
121 131 
177 177 
488 666 
73 96 
275 796 
217 1133 
451 447 
94 1317 
53 1195 
1472 131 
965 202 
567 138 
1472 818 
79 348 
98 1015 
55 455 
1067 1235 
98 1050 
1472 929 
211 701 
185 858 
335 740 
961 1117 
531 523 
803 366 
471 484 
1472 591 
1015 747 
67 43 
50 1319 
91 177 
1361 185 
1433 1457 
1128 747 
922 1206 
1472 1389 
170 179 
191 219 
252 475 
909 1096 
803 989 
977 850 
46 1361 
289 304 
199 205 
1216 1229 
380 375 
1472 1035 
63 354 
941 840 
224 1114 
762 762 
229 1515 
1366 1754 
1087 1740 
138 1085 
74 363 
920 1307 
961 177 
50 1756 
751 1316 
330 64 
944 972 
541 550 
283 346 
50 67 
1689 786 
454 481 
751 1173 
1472 338 
1473 143 
889 64 
1472 449 
204 1359 
591 1645 
740 873 
46 94 
1226 208 
893 1365 
220 213 
537 653 
1472 112 
97 390 
444 429 
49 27 
21 149 
1472 239 
231 836 
394 1557 
325 271 
58 394 
663 699 
741 695 
1295 1178 
23 1533 
1472 909 
867 1249 
1055 250 
646 650 
337 194 
784 399 
585 356 
236 1276 
1472 572 
47 1368 
48 394 
91 108 
1709 250 
38 565 
1472 683 
81 86 
50 1483 
72 367 
1252 970 
60 836 
1472 730 
9 130 
1061 792 
50 1114 
380 181 
146 285 
49 1070 
138 969 
909 1132 
1197 1325 
130 809 
393 1577 
46 1389 
551 476 
130 984 
921 963 
1472 1047 
814 1098 
375 400 
785 1692 
455 472 
1593 462 
146 225 
330 898 
1619 670 
1107 1182 
957 231 
151 144 
91 1383 
1370 1447 
541 409 
768 1047 
531 415 
130 284 
1472 271 
999 850 
1004 996 
537 591 
1472 446 
171 825 
83 405 
100 1501 
768 1333 
1472 45 
224 205 
496 546 
671 653 
69 59 
50 984 
325 338 
73 393 
867 1087 
1472 203 
765 1680 
113 1317 
889 920 
48 72 
1001 182 
559 542 
215 212 
1248 209 
130 1366 
54 82 
1176 1282 
96 324 
1472 1001 
374 1343 
1561 381 
1147 1458 
1472 536 
980 807 
1006 803 
54 380 
114 171 
1472 695 
9 1537 
53 60 
1472 1318 
1118 1011 
124 103 
909 1087 
1472 1365 
449 464 
485 562 
289 271 
117 907 
47 944 
217 989 
1352 1365 
53 496 
146 178 
1021 967 
1062 807 
1004 155 
454 252 
1619 698 
1012 1098 
48 1403 
541 460 
38 334 
124 1289 
50 1764 
914 337 
1472 363 
186 1444 
889 399 
49 752 
89 727 
179 853 
608 609 
73 1582 
1472 410 
1325 1262 
67 980 
1046 996 
1004 863 
1001 999 
508 529 
1 279 
1472 184 
171 963 
560 546 
283 1165 
1058 1037 
728 728 
1318 1399 
1765 1410 
1472 215 
1080 1096 
1004 1248 
1110 1124 
54 62 
330 1090 
111 955 
861 1702 
1472 1013 
243 243 
891 1711 
961 1136 
1047 974 
988 815 
28 1548 
908 1276 
1024 1725 
1344 1178 
1472 659 
999 1042 
965 1722 
922 1107 
996 64 
700 860 
455 237 
226 727 
48 1243 
471 519 
1472 1056 
902 967 
62 179 
941 1268 
1178 1237 
165 138 
1472 1230 
61 1001 
1057 208 
740 306 
238 1519 
1128 219 
957 47 
98 110 
367 1445 
813 927 
1206 1182 
374 387 
356 650 
1050 1110 
259 107 
1369 64 
374 306 
807 1110 
1472 375 
168 47 
370 961 
740 999 
64 64 
50 47 
330 271 
1472 486 
283 671 
124 807 
1393 1392 
412 825 
1096 1254 
415 394 
55 179 
1431 94 
1472 21 
149 826 
432 450 
73 496 
220 97 
1472 132 
1515 230 
37 742 
1472 819 
262 277 
1114 1256 
109 1044 
952 1067 
957 1114 
116 208 
922 399 
546 499 
1100 1178 
453 519 
1472 977 
1128 1107 
172 177 
941 370 
779 155 
1369 1359 
531 522 
1373 367 
1371 1513 
74 1375 
1472 576 
49 1319 
1015 1334 
252 246 
1248 999 
922 1028 
367 807 
63 62 
747 845 
986 399 
768 246 
60 784 
1472 1390 
902 129 
83 1477 
306 1456 
752 704 
220 1070 
608 1636 
1350 1262 
69 863 
240 259 
1472 1036 
146 107 
535 519 
861 1040 
259 280 
167 387 
1472 1211 
479 509 
48 1061 
374 205 
1007 1247 
55 1698 
878 717 
97 1340 
559 1614 
231 1673 
952 830 
402 419 
97 985 
792 807 
1325 1411 
94 1738 
792 854 
334 521 
1370 1395 
454 486 
74 74 
168 11 
1473 142 
922 956 
745 759 
130 91 
54 1375 
727 784 
124 1047 
1216 967 
110 1126 
1472 113 
830 1035 
171 1018 
922 94 
346 1033 
793 826 
1041 236 
220 69 
1472 224 
904 1048 
47 1172 
1061 370 
179 1028 
185 923 
1080 1024 
236 878 
1472 910 
386 1589 
48 60 
1021 119 
146 1001 
238 259 
1147 1449 
1472 573 
149 274 
47 1371 
50 1401 
236 1036 
114 132 
1472 684 
149 387 
999 1221 
46 1013 
1454 1419 
63 82 
1389 1402 
867 1724 
740 182 
81 375 
9 18 
485 541 
789 1369 
366 368 
1080 922 
907 918 
179 271 
252 367 
146 60 
1472 1128 
501 440 
64 1377 
431 429 
252 734 
53 411 
1178 1178 
955 1011 
117 712 
1001 1085 
1435 1466 
1628 593 
1067 803 
1069 1189 
902 1044 
996 1271 
1070 1114 
955 1233 
1370 1444 
409 417 
50 405 
383 107 
809 64 
185 1531 
1069 1351 
73 1585 
170 1121 
809 209 
944 1196 
909 182 
779 1261 
1472 46 
740 782 
73 63 
810 860 
444 434 
337 1702 
752 1311 
909 920 
920 399 
1472 204 
830 1206 
633 1644 
1080 1197 
1756 1376 
1472 891 
337 156 
1080 1052 
1004 1036 
72 95 
91 429 
1358 283 
146 1126 
1490 115 
149 197 
78 85 
758 715 
1375 1384 
94 943 
1472 537 
117 1110 
423 443 
752 987 
863 1017 
789 774 
957 1380 
1472 648 
669 1660 
380 107 
55 605 
1472 1319 
740 219 
908 1087 
789 728 
1472 1366 
7 623 
74 1004 
844 248 
1316 1374 
1036 1121 
362 1714 
455 447 
402 201 
38 109 
961 94 
50 343 
1335 1392 
330 935 
182 1164 
179 182 
1226 1281 
952 1014 
1024 1334 
545 633 
1472 364 
867 370 
1011 1026 
109 747 
54 1172 
1472 411 
809 205 
741 778 
1126 1032 
1096 1227 
73 74 
1472 10 
113 1254 
130 178 
1472 185 
204 1511 
138 1689 
283 976 
432 438 
399 722 
1050 138 
454 1627 
441 456 
224 968 
941 107 
1001 768 
1686 791 
1285 902 
1080 1080 
48 117 
768 862 
54 63 
863 831 
1230 1750 
813 194 
63 807 
961 1143 
341 577 
236 1221 
151 1472 
1472 613 
149 330 
1365 1418 
578 556 
1454 1360 
98 1737 
1472 660 
404 376 
815 798 
816 840 
445 1312 
878 250 
143 157 
74 1050 
191 161 
621 684 
69 1285 
751 985 
844 141 
492 480 
1472 1458 
117 1021 
67 1736 
941 977 
449 435 
223 225 
1472 1057 
48 1195 
1080 850 
1046 1147 
965 1132 
1036 1029 
341 487 
53 467 
1645 664 
48 1417 
109 796 
952 803 
957 46 
813 926 
67 1028 
122 89 
109 941 
91 1454 
168 1717 
830 919 
1103 1230 
1472 328 
362 362 
235 232 
73 149 
1110 1733 
723 815 
740 887 
279 341 
83 76 
46 64 
1393 1399 
69 97 
893 1359 
1 449 
220 243 
1472 22 
83 61 
1747 1337 
1472 133 
149 938 
399 1117 
867 1142 
1472 820 
204 1178 
63 1361 
109 1043 
146 1055 
441 341 
1298 803 
346 346 
202 774 
295 295 
370 356 
172 178 
47 1350 
67 412 
1369 1358 
54 138 
1472 577 
404 429 
149 366 
28 1553 
428 475 
752 995 
739 767 
1472 752 
999 1073 
1166 1140 
873 869 
751 908 
182 1689 
1472 1391 
1015 779 
1293 1359 
485 504 
1472 1438 
170 64 
407 429 
1166 1174 
179 306 
1197 1368 
240 260 
1472 1037 
1058 970 
69 751 
109 222 
122 155 
89 82 
363 351 
164 388 
1507 190 
938 879 
1325 1393 
1055 1132 
356 728 
1205 811 
109 768 
1050 1080 
97 984 
957 50 
226 60 
346 1349 
784 807 
1620 556 
399 967 
1 444 
1472 451 
792 1141 
614 464 
121 157 
306 313 
627 1639 
130 203 
171 1021 
225 207 
54 810 
1472 225 
832 832 
1111 1098 
179 731 
73 380 
236 984 
109 1126 
1142 868 
867 1170 
1472 784 
149 63 
315 299 
79 306 
98 921 
117 1375 
1021 133 
768 663 
715 778 
1472 911 
125 33 
862 862 
48 396 
124 383 
957 1375 
1472 685 
9 311 
742 771 
671 269 
50 1481 
1472 732 
464 491 
909 1049 
109 271 
237 218 
236 1331 
938 271 
50 1067 
15 15 
471 601 
366 369 
149 1749 
902 1021 
407 433 
46 1395 
908 1402 
217 967 
458 507 
1472 1129 
46 1762 
948 250 
455 474 
810 231 
1472 1176 
122 191 
412 271 
341 415 
159 1494 
1050 977 
146 223 
1325 1365 
517 1617 
109 996 
97 996 
762 1022 
179 202 
3 24 
768 1176 
1 623 
1472 432 
868 1049 
920 1047 
64 393 
1472 47 
149 768 
1180 784 
79 67 
209 1217 
126 170 
893 1399 
969 107 
1472 94 
922 179 
374 1248 
1001 922 
107 267 
73 399 
1402 1462 
1472 205 
443 1593 
283 868 
113 1499 
1472 892 
116 154 
7 21 
488 769 
146 955 
1472 1003 
149 196 
194 943 
155 1503 
445 1081 
379 489 
146 970 
809 1178 
238 284 
74 1285 
1472 538 
168 834 
1148 1003 
155 1100 
341 541 
362 1388 
412 1365 
957 1379 
1472 649 
208 174 
380 100 
74 779 
330 1425 
957 1748 
1472 1336 
1380 1425 
138 792 
74 922 
54 412 
1396 399 
1472 1367 
540 595 
9 13 
337 744 
1022 1077 
124 208 
160 175 
130 779 
807 967 
1070 955 
404 1578 
341 81 
252 652 
53 333 
1472 1141 
48 1055 
49 810 
374 155 
1062 970 
965 1048 
878 283 
550 1634 
1472 1252 
1057 202 
47 144 
237 258 
170 717 
88 78 
507 516 
1103 1092 
149 1197 
83 341 
999 995 
528 582 
1300 1452 
50 1762 
164 178 
1103 1269 
1472 365 
790 346 
792 911 
170 1007 
287 308 
807 1085 
2 164 
73 1580 
1472 412 
224 380 
171 807 
671 722 
283 693 
1085 64 
1472 11 
63 1118 
12 220 
201 237 
1051 961 
110 1055 
1472 186 
82 152 
53 1221 
1472 809 
224 969 
1110 1035 
79 325 
337 366 
46 374 
73 308 
54 909 
55 508 
146 1080 
109 1070 
740 1700 
148 194 
957 768 
814 891 
1595 490 
1481 158 
1067 1145 
438 415 
1472 1015 
215 107 
1472 614 
1380 1367 
961 1255 
379 354 
752 1016 
1172 367 
789 793 
1472 661 
1380 1318 
685 664 
999 1036 
1458 1432 
50 1425 
574 656 
9 216 
49 1051 
412 179 
124 133 
367 995 
380 366 
681 1663 
1472 1058 
575 415 
977 900 
481 513 
972 185 
1385 1404 
955 973 
1472 1105 
48 1083 
170 286 
138 1028 
67 1142 
1080 177 
64 1753 
179 100 
1007 1066 
1671 729 
1403 1777 
867 179 
47 1737 
27 40 
374 385 
551 1621 
54 1111 
402 460 
1370 1437 
48 1768 
961 859 
541 607 
944 1047 
50 90 
1472 329 
957 271 
117 82 
1496 127 
543 1642 
110 901 
130 117 
1472 504 
149 727 
204 1318 
170 1062 
170 850 
496 541 
287 185 
362 250 
73 101 
236 727 
506 1610 
1472 23 
1001 961 
34 392 
914 740 
944 367 
1021 271 
54 1022 
441 491 
1472 821 
1529 324 
63 1360 
130 1389 
367 1710 
531 524 
1472 578 
314 300 
538 716 
67 44 
752 996 
1472 753 
560 411 
742 1015 
337 790 
375 250 
358 1004 
241 242 
375 107 
105 387 
217 889 
289 324 
220 884 
366 346 
1472 1439 
1007 727 
63 367 
375 393 
1118 747 
38 91 
1050 1383 
61 922 
1275 988 
965 1232 
1107 1159 
1145 1036 
1361 1392 
989 1711 
496 460 
957 49 
61 124 
279 37 
1111 400 
727 1119 
740 679 
1080 60 
961 182 
69 401 
1600 691 
346 1346 
334 527 
920 1165 
1663 760 
50 126 
784 792 
1396 1421 
164 202 
2 253 
73 1563 
1472 341 
1230 1201 
1010 1088 
1629 681 
69 179 
1472 452 
205 947 
792 1142 
46 93 
374 574 
399 1027 
1472 115 
560 541 
1472 226 
810 777 
1055 961 
334 459 
1247 1385 
1472 785 
337 182 
1133 1138 
1167 836 
768 872 
54 117 
330 1033 
148 250 
1472 896 
236 1279 
146 1171 
920 194 
11 275 
105 204 
1022 1709 
91 97 
1472 686 
1180 1175 
202 1313 
1472 733 
243 459 
999 1108 
411 535 
541 1628 
114 100 
1472 1356 
117 771 
941 903 
700 774 
497 453 
431 318 
1285 179 
130 983 
54 1747 
1180 399 
551 473 
1718 907 
660 695 
535 549 
48 1475 
1080 250 
146 220 
496 409 
98 165 
226 110 
460 572 
48 1362 
1331 811 
1738 1087 
952 988 
592 451 
387 107 
279 73 
1720 953 
54 1055 
211 220 
1004 999 
1085 970 
224 337 
1403 1415 
719 1672 
412 972 
235 179 
54 1337 
1472 32 
50 836 
412 867 
508 520 
527 746 
73 61 
451 491 
560 569 
999 1750 
980 366 
988 177 
1070 179 
909 999 
768 709 
253 173 
146 809 
897 999 
182 107 
1087 1300 
1472 893 
7 20 
1538 304 
1747 250 
957 1408 
1472 1004 
1015 1242 
464 1615 
656 665 
803 346 
1472 539 
538 661 
105 168 
114 166 
96 421 
1472 650 
226 1516 
208 175 
1472 1337 
621 710 
217 768 
454 567 
220 909 
74 1143 
117 999 
81 337 
9 12 
60 1062 
1080 969 
124 209 
53 219 
700 810 
402 37 
431 466 
1319 107 
130 955 
1070 811 
1472 1142 
1080 807 
784 1096 
1195 182 
240 220 
550 1635 
50 341 
807 1353 
146 192 
109 967 
130 332 
790 488 
191 1141 
50 1763 
807 1199 
1472 366 
224 398 
21 1506 
47 358 
784 864 
1048 1069 
1085 1006 
751 1230 
740 861 
179 967 
54 1285 
1472 12 
97 82 
958 1035 
1001 996 
1472 187 
1056 954 
63 1454 
124 1020 
236 914 
111 742 
537 507 
1472 810 
810 961 
740 1701 
315 338 
379 519 
768 848 
54 61 
453 544 
148 178 
1472 968 
567 497 
1472 615 
1180 1192 
10 14 
409 571 
30 69 
341 560 
252 237 
38 624 
114 202 
560 496 
9 334 
362 1232 
768 237 
1359 1375 
143 159 
185 397 
922 1118 
1472 1285 
168 1117 
1180 1102 
49 1050 
167 186 
725 764 
889 1126 
303 330 
358 803 
217 909 
50 1264 
220 768 
768 1686 
807 891 
961 399 
464 609 
296 314 
166 208 
1472 1217 
74 371 
109 794 
938 792 
98 109 
61 87 
47 1736 
1111 399 
1221 1115 
1319 1430 
1062 209 
411 1557 
48 1769 
50 91 
1408 1415 
236 306 
1472 330 
90 1487 
341 1561 
23 253 
83 78 
209 1279 
1441 1458 
94 1438 
537 693 
1472 104 
171 915 
560 626 
83 63 
1017 445 
1478 82 
54 844 
110 740 
1472 135 
281 224 
965 182 
412 1242 
969 179 
889 996 
1366 1366 
1167 867 
1154 94 
306 708 
54 110 
1285 1172 
185 862 
920 231 
1472 980 
941 367 
1015 1154 
485 179 
362 1298 
1635 617 
459 472 
149 364 
9 281 
67 47 
485 260 
168 938 
238 55 
1472 1377 
117 814 
100 131 
105 531 
217 1001 
50 1172 
380 371 
643 645 
211 1671 
49 1248 
67 1335 
1132 1113 
1022 1245 
855 898 
1335 1428 
1385 1375 
762 774 
961 107 
740 721 
407 226 
941 1126 
1007 1097 
109 1022 
367 1466 
61 123 
170 642 
779 816 
1472 295 
1198 1249 
541 546 
454 485 
73 1562 
1473 131 
63 1203 
908 250 
965 999 
1319 1176 
53 1001 
1472 453 
1172 1242 
1472 116 
560 542 
818 346 
432 481 
1022 970 
110 640 
1472 227 
909 962 
867 1172 
1472 786 
663 695 
116 128 
315 301 
1732 1168 
374 840 
54 74 
1472 897 
98 774 
727 337 
768 792 
146 996 
809 1212 
1472 560 
47 1380 
114 131 
994 851 
6 11 
428 441 
1062 1236 
109 380 
1292 1309 
1472 734 
74 868 
146 281 
219 373 
753 1693 
792 219 
922 1174 
1472 1357 
1293 1393 
752 751 
677 672 
74 1015 
47 920 
217 965 
61 844 
1007 1167 
236 182 
1472 1178 
460 430 
1001 1058 
818 728 
1004 179 
38 471 
921 1077 
762 909 
1444 1447 
867 202 
107 193 
1472 259 
1000 1028 
287 338 
219 1100 
1472 434 
149 1385 
170 920 
83 409 
961 947 
909 179 
1472 33 
496 550 
1162 1317 
98 742 
889 209 
451 490 
306 475 
110 813 
775 735 
1001 920 
50 980 
969 250 
790 1684 
1406 840 
217 1242 
231 868 
55 410 
1472 894 
386 1637 
47 1050 
814 861 
63 1387 
1652 663 
1472 1005 
168 693 
81 148 
98 810 
1325 64 
1472 540 
205 107 
850 864 
742 850 
214 283 
984 1190 
114 167 
1472 651 
208 160 
49 1388 
283 1694 
920 1021 
1472 1338 
149 1557 
1292 1281 
1206 1755 
1012 1426 
64 1442 
1317 803 
217 944 
807 961 
48 1154 
1018 1730 
431 477 
252 654 
902 1338 
955 931 
1472 1143 
64 1344 
807 807 
723 728 
1472 1254 
811 1696 
965 1175 
146 193 
460 545 
1012 1110 
302 324 
124 1686 
1247 250 
1226 1292 
182 1074 
1370 1415 
83 343 
217 1737 
1472 367 
527 555 
54 1387 
1110 384 
1046 1016 
1472 13 
496 578 
1111 814 
1058 1174 
217 1044 
69 27 
988 231 
130 177 
1472 188 
171 967 
7 341 
742 306 
1438 1205 
124 1021 
965 209 
858 791 
893 1418 
130 1556 
948 929 
182 197 
1472 811 
957 941 
98 1004 
32 1474 
1472 858 
1717 896 
938 1066 
867 896 
889 952 
1614 568 
1481 156 
412 1429 
91 394 
1472 969 
243 247 
836 1716 
455 1594 
98 1365 
1472 632 
171 387 
944 129 
46 961 
1015 1326 
114 203 
1472 663 
9 333 
1369 893 
908 1103 
1613 546 
1132 1729 
53 28 
114 90 
98 1719 
938 306 
922 1119 
217 867 
454 528 
74 1128 
170 107 
331 1547 
681 1661 
109 1682 
132 163 
1472 1060 
1276 250 
48 914 
138 540 
275 1673 
1285 138 
330 740 
914 1689 
954 1102 
1472 1107 
252 513 
1050 996 
109 136 
110 1699 
50 374 
1069 1113 
1007 768 
1385 1436 
528 533 
122 100 
1319 1425 
957 412 
1423 1431 
144 157 
164 208 
1472 331 
538 1681 
961 970 
74 165 
383 445 
1472 506 
1180 811 
173 175 
124 803 
179 1294 
69 110 
1118 107 
73 107 
1 454 
1472 105 
432 454 
55 60 
130 149 
1472 152 
904 1120 
7 441 
373 393 
484 1594 
867 1147 
1472 823 
367 367 
47 1133 
211 723 
214 758 
0 312 
1285 999 
98 1047 
98 867 
63 1015 
236 1173 
1472 981 
961 1104 
50 1361 
34 74 
162 119 
1048 740 
114 156 
828 928 
107 1517 
204 365 
367 803 
1472 755 
171 124 
74 1085 
461 491 
83 1481 
969 1268 
289 346 
1216 1107 
1472 1425 
46 1370 
941 818 
217 1000 
768 488 
952 117 
451 1594 
1385 1741 
1472 1024 
168 1368 
1012 988 
61 920 
1015 219 
467 481 
1007 951 
1050 1172 
867 64 
49 961 
1373 1366 
476 512 
792 811 
867 209 
48 1287 
742 1043 
1173 1135 
1365 1751 
370 1402 
961 805 
541 545 
50 124 
1472 343 
867 399 
779 1221 
502 502 
751 1025 
1472 454 
1024 1055 
1048 1173 
627 1640 
1472 117 
149 858 
171 1022 
337 394 
73 400 
1472 228 
429 459 
179 732 
236 987 
367 387 
810 902 
7 50 
889 903 
1311 250 
1369 1421 
130 1359 
867 1252 
1472 898 
149 173 
777 716 
944 107 
48 48 
1472 561 
149 286 
409 577 
1173 999 
130 1425 
863 897 
1199 1115 
1472 672 
6 8 
283 1717 
220 1256 
238 97 
920 994 
1472 735 
50 1111 
116 1496 
1472 1358 
1401 1368 
485 537 
124 207 
50 1062 
407 434 
803 1049 
1061 1125 
1285 177 
1472 1132 
252 730 
1472 1179 
836 1126 
252 585 
1050 988 
454 149 
1047 1172 
48 1364 
337 1357 
891 866 
109 993 
1067 807 
578 1628 
61 158 
460 653 
252 815 
1396 1404 
130 281 
1472 260 
944 1005 
48 1714 
999 841 
896 832 
328 386 
454 454 
1103 1155 
170 921 
1472 34 
224 194 
792 1108 
889 208 
211 60 
727 816 
1154 370 
130 170 
1472 81 
1056 912 
814 896 
49 58 
784 179 
73 396 
1472 192 
149 1007 
63 1285 
146 807 
186 100 
1472 895 
296 1532 
663 730 
54 87 
202 970 
920 177 
1472 1006 
168 694 
386 1557 
412 1313 
1472 541 
149 306 
46 938 
1472 652 
9 1540 
46 789 
380 103 
1396 283 
1472 1339 
1606 498 
1015 863 
814 1310 
217 774 
236 1298 
789 740 
243 598 
9 50 
306 1652 
224 1337 
48 1015 
358 1172 
1472 1096 
889 1194 
485 799 
1194 209 
1472 1255 
740 283 
172 1503 
1728 1064 
98 71 
1012 1111 
88 81 
252 988 
130 330 
666 680 
374 299 
217 1736 
732 697 
217 412 
1472 352 
614 701 
944 905 
374 346 
214 1523 
537 558 
1472 415 
224 383 
999 194 
432 332 
366 709 
1418 1392 
260 654 
889 236 
909 807 
1004 747 
1472 189 
349 314 
1167 920 
909 952 
130 1557 
236 908 
1070 205 
1472 812 
1751 1262 
146 779 
73 313 
236 803 
271 528 
1197 182 
1070 60 
1472 859 
224 955 
1529 286 
367 443 
1004 1132 
215 247 
768 850 
146 922 
129 232 
1472 970 
1057 988 
412 1285 
768 961 
1472 633 
149 342 
1024 1714 
91 171 
1472 744 
370 94 
908 1096 
74 810 
53 27 
143 153 
114 91 
574 663 
1591 430 
50 1055 
769 715 
74 1129 
1472 1462 
48 1232 
62 90 
762 1242 
184 196 
220 770 
1472 1061 
38 50 
1472 1108 
374 250 
217 173 
723 759 
61 996 
431 214 
952 807 
61 85 
779 790 
48 1308 
217 1723 
1226 1313 
208 1106 
47 1723 
409 413 
752 1695 
1021 1044 
807 1101 
91 1491 
330 185 
1472 332 
792 1006 
961 969 
194 1036 
1472 507 
404 535 
496 528 
922 980 
67 951 
97 124 
1167 1203 
432 455 
967 1193 
34 391 
130 146 
1472 153 
889 889 
969 177 
540 1036 
11 10 
1001 224 
432 37 
1 16 
1110 1157 
944 64 
146 1022 
493 469 
1015 1180 
50 1358 
34 75 
125 138 
752 904 
1373 362 
53 1641 
114 157 
868 886 
9 287 
49 1370 
105 358 
252 243 
69 1475 
752 999 
130 1085 
330 1349 
908 1132 
471 704 
1472 1379 
1114 908 
1132 1461 
50 1027 
289 345 
1433 1316 
313 339 
48 1276 
1041 863 
1166 1178 
810 124 
1110 803 
986 861 
988 1251 
455 498 
1012 989 
830 202 
97 1478 
727 1402 
1396 1147 
697 663 
938 875 
373 790 
67 1111 
941 1124 
231 472 
1050 1028 
279 38 
779 818 
1205 1420 
1702 848 
109 909 
130 306 
1472 313 
615 647 
211 197 
469 517 
458 1594 
920 1087 
1 432 
751 1024 
1472 455 
61 1760 
496 572 
334 300 
370 1117 
671 663 
217 1058 
948 1003 
867 1033 
1472 229 
429 458 
124 1266 
1361 1747 
111 792 
867 1174 
1080 1029 
356 1681 
1004 1061 
128 202 
620 641 
752 1061 
202 1098 
238 260 
96 301 
1472 562 
7 211 
83 1561 
961 1075 
30 112 
768 905 
110 194 
20 46 
9 315 
428 443 
50 1477 
1248 920 
1472 720 
1310 208 
217 809 
1472 1359 
740 179 
9 21 
49 1056 
191 229 
1038 1042 
909 1126 
74 1013 
825 155 
130 803 
224 1310 
1015 920 
100 161 
47 922 
470 1603 
1004 399 
236 1741 
627 656 
1472 1133 
1373 1431 
485 762 
1472 1180 
224 1148 
341 411 
770 661 
241 1515 
53 535 
49 1004 
941 1096 
1335 1176 
74 393 
383 129 
1103 1132 
131 194 
374 460 
1318 117 
999 840 
50 97 
179 895 
1085 967 
454 455 
1472 436 
1110 1686 
1115 1036 
909 177 
740 779 
279 409 
467 1621 
451 492 
328 353 
94 1364 
130 171 
1472 82 
370 740 
79 252 
279 526 
1022 996 
1050 179 
1070 182 
1477 80 
1001 815 
49 138 
672 793 
909 996 
768 728 
1195 803 
1015 1062 
432 237 
215 210 
271 684 
1472 1007 
107 1174 
412 1314 
1358 399 
1375 1367 
149 305 
54 374 
1361 362 
114 165 
1472 653 
1755 1354 
394 283 
752 815 
1670 717 
1112 1087 
63 125 
252 426 
768 179 
920 878 
1536 336 
1114 836 
1350 1176 
124 236 
313 395 
465 1600 
790 786 
902 1336 
1128 967 
1717 177 
1248 1180 
236 148 
740 260 
460 460 
867 155 
367 1423 
88 82 
792 868 
107 175 
1247 117 
1375 64 
219 1085 
922 846 
109 742 
130 109 
1472 400 
61 387 
376 427 
770 189 
236 751 
1472 15 
82 1585 
137 1500 
1472 190 
81 955 
559 730 
1472 813 
116 75 
47 1099 
1472 860 
408 51 
295 318 
727 283 
341 588 
730 749 
186 347 
1472 634 
149 341 
668 683 
984 1156 
91 170 
1674 725 
863 984 
1769 337 
999 1032 
143 152 
807 129 
574 660 
98 1717 
215 1518 
124 129 
969 1246 
384 1348 
1126 816 
1472 1463 
97 1247 
49 1128 
156 132 
138 907 
113 97 
1128 916 
1472 1062 
810 1717 
407 501 
1015 64 
467 598 
952 202 
807 884 
1701 816 
48 867 
1067 64 
146 144 
1310 1328 
1423 1779 
803 1294 
238 1521 
1007 1078 
1067 977 
402 441 
67 1035 
53 752 
55 1658 
1709 1331 
902 1233 
334 567 
541 603 
941 1313 
454 508 
54 1242 
1472 333 
944 1178 
1472 508 
920 1107 
83 83 
46 69 
1472 107 
774 697 
1001 965 
432 504 
50 779 
1145 1682 
1716 949 
50 922 
1472 777 
961 1332 
1117 209 
130 1385 
54 109 
438 460 
1472 952 
445 1036 
412 1531 
1472 983 
138 107 
50 1359 
1142 1178 
220 675 
74 1369 
1472 582 
961 1223 
107 1519 
91 182 
1147 1761 
168 941 
560 415 
1458 1464 
417 1614 
179 1563 
220 961 
366 495 
1472 1380 
1114 909 
1024 445 
83 1483 
217 893 
50 1024 
289 344 
220 880 
117 988 
942 807 
191 337 
217 1006 
199 202 
1472 1026 
809 803 
170 367 
1369 283 
467 483 
914 94 
957 220 
367 1366 
740 732 
67 1110 
1015 330 
1024 1017 
803 1322 
415 528 
1361 1396 
330 1016 
0 1472 
476 433 
1472 314 
387 384 
999 807 
396 82 
185 1505 
73 1567 
50 205 
54 1361 
1205 1246 
46 97 
217 1057 
289 1532 
306 306 
1472 119 
168 303 
279 485 
432 484 
217 1106 
124 944 
1070 155 
149 969 
179 734 
453 451 
867 1177 
1472 789 
1055 850 
47 1027 
1015 1117 
72 41 
1252 1292 
914 998 
555 564 
1472 900 
1128 1062 
957 836 
1357 1315 
146 1167 
374 1349 
906 953 
1369 1197 
910 929 
768 906 
54 363 
114 190 
1472 674 
1359 1379 
1472 721 
48 751 
211 813 
708 771 
143 208 
202 1724 
46 1285 
252 502 
790 900 
217 970 
786 855 
204 192 
243 666 
48 1128 
1331 1317 
1017 1351 
358 1145 
179 386 
356 618 
109 846 
1055 1103 
466 1597 
807 1334 
130 356 
476 486 
460 655 
804 740 
1117 1119 
914 356 
54 1043 
1472 262 
614 663 
205 1117 
283 319 
73 199 
110 982 
537 592 
809 219 
3 172 
61 382 
122 380 
475 1604 
1637 634 
1472 36 
149 779 
217 1085 
231 899 
475 501 
79 255 
909 914 
306 425 
54 779 
1472 194 
1055 929 
335 790 
211 284 
1001 814 
999 271 
909 995 
179 1126 
853 853 
1472 881 
171 762 
7 16 
231 758 
130 1361 
809 1036 
988 979 
1310 384 
146 967 
917 202 
98 1356 
1472 543 
149 304 
423 433 
63 158 
961 1054 
980 814 
727 231 
789 768 
9 1546 
896 1702 
957 1775 
1472 1341 
922 1094 
1126 954 
63 124 
454 555 
751 963 
769 749 
941 999 
156 161 
952 64 
828 1087 
1472 1098 
774 1688 
1015 236 
941 1161 
1055 1170 
1001 1027 
217 192 
1047 1210 
1024 929 
1021 1181 
130 328 
296 96 
957 117 
226 225 
531 448 
1472 354 
334 587 
54 1390 
922 1022 
46 46 
432 334 
50 149 
110 861 
224 224 
97 86 
204 1422 
117 155 
1472 191 
1080 1248 
1001 889 
1167 922 
50 1015 
1472 814 
889 972 
46 379 
1 10 
789 209 
1472 861 
146 920 
366 775 
1472 972 
295 313 
374 1298 
1047 967 
362 1357 
825 903 
735 1676 
38 628 
914 1232 
1161 1021 
220 1022 
920 988 
138 825 
394 399 
130 889 
828 1132 
47 1004 
289 300 
768 271 
1709 878 
61 768 
1401 1415 
67 1375 
63 374 
335 1277 
275 1674 
146 126 
1359 1262 
1050 1292 
1472 1110 
941 1261 
1221 1317 
402 295 
1036 1170 
1128 179 
367 1341 
1472 1221 
48 1423 
374 107 
1080 182 
72 1285 
179 107 
47 1748 
1230 1327 
402 457 
97 807 
922 816 
48 1773 
1472 334 
96 1485 
944 1179 
1472 509 
171 774 
83 82 
46 74 
374 727 
121 139 
412 816 
73 104 
1472 108 
235 268 
1472 155 
1167 1022 
909 986 
184 1497 
1472 778 
1110 1064 
79 292 
1285 996 
54 98 
988 996 
1472 953 
362 1423 
379 551 
1445 1262 
768 816 
53 1478 
980 1051 
94 873 
114 155 
1380 1392 
1683 783 
752 793 
1361 177 
957 1702 
1472 758 
1310 250 
1369 862 
50 1454 
1472 1381 
289 351 
1472 1428 
46 1369 
1293 1242 
130 972 
1472 1027 
162 1501 
952 231 
809 802 
122 165 
182 907 
1285 124 
868 1726 
957 219 
47 87 
1028 786 
1335 1206 
109 1018 
37 109 
1221 1083 
1173 1132 
50 1748 
91 1408 
1472 315 
779 901 
636 636 
965 850 
73 1566 
1472 426 
1435 94 
740 1110 
149 1361 
961 939 
356 907 
965 995 
1712 1072 
1 438 
550 647 
2 105 
809 271 
1472 473 
740 785 
1082 1124 
55 236 
91 1247 
537 661 
1472 72 
1472 231 
334 460 
807 1719 
185 924 
146 1514 
1472 790 
1 114 
1285 1268 
768 796 
1472 564 
155 850 
46 909 
30 118 
531 559 
957 1369 
6 15 
1319 399 
130 1055 
81 1579 
367 832 
1472 722 
908 1042 
873 843 
432 527 
1389 1395 
970 1027 
49 1062 
941 898 
392 124 
335 1028 
54 1748 
810 94 
762 695 
155 271 
431 426 
236 178 
1089 966 
182 1288 
1472 1182 
1017 995 
1001 1062 
341 409 
97 909 
72 1373 
358 1368 
202 192 
130 357 
331 300 
938 732 
908 948 
1702 882 
1319 1370 
107 197 
514 543 
1472 263 
334 620 
170 1013 
283 318 
909 94 
454 453 
1472 438 
186 1403 
50 238 
412 969 
306 324 
73 87 
1 402 
1472 37 
279 411 
1056 915 
47 1216 
1050 177 
1285 1334 
1472 195 
965 138 
224 914 
335 902 
215 236 
146 1121 
1472 993 
1390 1415 
1472 528 
224 752 
999 1169 
1170 1279 
67 90 
114 163 
1472 655 
168 983 
980 1218 
9 1545 
1155 1278 
623 38 
920 961 
1472 1342 
740 194 
471 650 
306 1651 
807 1021 
407 467 
47 952 
1472 1099 
762 715 
47 809 
48 889 
341 460 
72 1435 
1007 1199 
182 960 
146 170 
114 758 
836 1093 
909 271 
217 199 
1385 1444 
367 1417 
27 66 
762 941 
37 37 
541 629 
1686 1095 
74 58 
1472 355 
3 122 
996 1121 
796 933 
209 1029 
358 1702 
110 1011 
130 107 
1472 402 
168 202 
170 1100 
740 858 
67 988 
1388 94 
1438 1439 
50 146 
527 676 
415 414 
73 115 
179 970 
349 390 
170 779 
1001 1007 
82 1583 
1472 176 
830 1226 
908 1712 
47 1252 
67 762 
367 343 
1472 815 
751 445 
1 9 
789 208 
146 1074 
1472 862 
777 696 
741 759 
1114 1167 
94 995 
149 226 
30 63 
362 727 
1142 1212 
1472 636 
49 1331 
908 1268 
48 330 
50 1336 
37 1490 
789 803 
1472 747 
1385 94 
1351 817 
171 165 
215 1512 
1472 1417 
50 1261 
988 1387 
204 186 
1472 1080 
485 687 
146 127 
130 920 
1070 840 
1472 1111 
836 1066 
201 533 
769 795 
48 1408 
341 337 
1021 1231 
402 439 
97 949 
1050 1071 
131 143 
779 779 
48 1311 
179 155 
402 454 
334 565 
83 375 
107 141 
179 776 
1472 335 
868 1096 
149 1340 
941 1712 
235 225 
110 911 
1472 510 
170 1056 
171 889 
920 1109 
1180 807 
67 952 
893 1352 
73 111 
1342 1315 
1472 109 
279 451 
231 970 
349 283 
1472 156 
25 125 
1055 1003 
279 560 
1682 771 
432 73 
50 920 
1472 779 
814 814 
11 15 
1015 1147 
379 585 
1612 599 
330 1055 
1 21 
55 478 
146 1046 
202 958 
1472 954 
61 1181 
445 1034 
50 762 
236 1169 
275 739 
920 236 
117 1126 
47 1359 
1369 1367 
1022 1723 
362 1311 
1066 869 
567 464 
809 1236 
988 779 
1472 600 
404 436 
168 768 
81 97 
1441 399 
48 374 
55 621 
167 119 
1472 759 
404 283 
1247 836 
237 239 
1472 1382 
1293 1352 
485 481 
74 988 
9 79 
49 1162 
941 814 
803 1121 
909 1232 
1472 1028 
97 1130 
734 730 
1472 1203 
762 771 
145 153 
164 387 
146 242 
652 680 
1004 219 
1444 1416 
784 1316 
202 173 
700 700 
402 411 
792 815 
61 118 
50 1749 
1021 1092 
130 305 
1472 316 
247 1520 
454 478 
224 1695 
999 182 
179 917 
240 1521 
1252 1226 
1472 474 
170 1028 
537 660 
399 1033 
1472 73 
941 138 
432 486 
231 1006 
1050 346 
607 595 
149 983 
810 1011 
904 1024 
82 90 
1351 1316 
893 866 
909 1021 
54 988 
1472 791 
97 383 
1021 158 
1050 124 
109 1264 
1472 902 
295 371 
758 743 
7 191 
660 1655 
1472 565 
47 1379 
428 295 
412 1352 
324 336 
1375 1421 
114 188 
149 395 
49 1403 
970 1201 
1087 946 
1472 723 
996 177 
63 90 
211 815 
1472 1346 
1015 996 
49 1061 
752 740 
220 1034 
1359 1411 
185 313 
501 543 
441 528 
1001 1172 
1114 129 
341 55 
807 830 
1417 94 
387 179 
723 707 
762 807 
138 1143 
279 1613 
109 844 
1050 1268 
97 908 
97 1360 
264 277 
1444 1452 
130 354 
409 425 
69 383 
107 196 
909 1720 
1472 280 
170 1010 
374 370 
411 484 
231 223 
61 380 
727 863 
412 970 
454 341 
878 813 
130 55 
1472 38 
1358 1147 
412 889 
55 243 
37 580 
1472 85 
219 970 
867 1062 
1472 196 
46 349 
893 774 
967 1027 
37 678 
1472 883 
810 1126 
1110 1105 
663 726 
7 18 
47 1057 
1018 1065 
523 1623 
356 1712 
1004 1028 
952 1259 
21 402 
1472 994 
850 970 
146 965 
130 1502 
346 285 
46 942 
30 83 
1472 640 
9 1544 
989 1035 
922 1092 
1736 988 
1331 1268 
252 421 
1099 1136 
109 492 
1472 1454 
46 1319 
69 910 
929 997 
358 825 
1197 1288 
952 1686 
850 1141 
1472 1100 
48 1046 
146 171 
1369 337 
1373 1385 
91 1325 
130 727 
1675 759 
1055 1069 
460 606 
109 961 
952 1022 
1344 384 
862 129 
902 1256 
48 1731 
1015 445 
179 815 
1472 356 
636 677 
1004 961 
53 955 
74 138 
1472 403 
149 700 
387 363 
211 111 
46 44 
67 991 
1172 988 
412 814 
415 409 
110 867 
844 1001 
1472 2 
97 84 
1070 1739 
451 461 
124 1111 
1742 1273 
1085 202 
109 1285 
399 1089 
1472 177 
124 1018 
909 948 
54 789 
236 904 
441 464 
955 90 
79 322 
1111 1035 
1441 1147 
1247 1199 
1472 863 
50 727 
809 1134 
146 1090 
148 184 
1472 974 
243 250 
752 1120 
965 399 
863 948 
53 1553 
387 1297 
1472 637 
1035 953 
67 57 
1015 1317 
803 717 
1472 748 
999 1029 
110 104 
367 891 
1472 1307 
740 231 
138 807 
250 1347 
1757 1315 
1114 807 
179 1758 
109 97 
1001 1219 
941 858 
85 136 
431 508 
146 124 
1180 1689 
941 1259 
467 456 
165 177 
334 792 
1236 1184 
238 1524 
112 56 
1385 1415 
1325 1430 
762 974 
217 1727 
1483 98 
109 933 
54 1070 
238 699 
897 1135 
951 697 
614 605 
170 970 
1111 747 
231 231 
168 167 
701 771 
376 458 
641 632 
1472 110 
168 310 
617 617 
867 1041 
1472 157 
810 796 
47 1275 
889 893 
1368 862 
73 328 
224 1004 
867 850 
1126 1689 
47 1128 
63 1369 
1004 1085 
130 1380 
1472 955 
116 217 
91 493 
275 738 
660 1628 
1472 554 
404 454 
172 170 
105 217 
969 1292 
910 968 
271 790 
114 153 
149 374 
850 805 
908 1177 
1080 1338 
752 795 
970 1178 
1472 712 
1458 1463 
241 235 
74 1062 
1472 1383 
740 155 
191 205 
105 388 
692 1650 
986 182 
807 900 
1085 1110 
204 223 
1472 1029 
868 182 
48 1103 
743 778 
1373 1423 
1062 954 
1307 1397 
762 768 
1001 1096 
980 1727 
138 1104 
467 484 
373 865 
330 916 
740 735 
727 1255 
7 1506 
376 1578 
415 541 
1021 1234 
1007 1111 
1324 1147 
1007 803 
208 1187 
957 74 
61 117 
335 330 
37 252 
920 1172 
50 121 
1318 988 
531 506 
1686 1036 
1472 428 
61 343 
83 387 
362 182 
73 185 
878 790 
128 1494 
1472 475 
83 112 
46 100 
358 138 
1686 538 
451 500 
182 356 
1472 74 
836 993 
1022 972 
73 411 
1472 249 
1057 1229 
217 1216 
394 1563 
914 850 
21 12 
867 1178 
358 327 
920 346 
1472 903 
464 1626 
346 262 
53 1496 
168 878 
149 281 
83 1565 
124 375 
50 1390 
46 1070 
49 1402 
961 1184 
920 999 
63 69 
432 513 
1472 1347 
1015 999 
69 937 
126 1114 
1709 803 
695 689 
1659 664 
48 1180 
1248 1285 
485 661 
89 148 
1390 64 
1046 1096 
1472 1121 
48 863 
1248 1268 
431 436 
252 727 
643 628 
330 825 
723 706 
464 559 
146 215 
1285 94 
1070 1264 
961 250 
47 117 
402 508 
331 302 
98 47 
460 650 
1024 1315 
779 850 
306 96 
1085 850 
1472 281 
374 371 
999 836 
20 1477 
168 208 
740 928 
121 208 
306 322 
110 836 
164 100 
1022 921 
124 1100 
328 357 
220 179 
1006 1110 
1148 1087 
560 560 
965 231 
967 1133 
126 61 
37 724 
21 191 
1472 197 
1477 92 
48 243 
179 1131 
146 1484 
1472 884 
650 656 
941 399 
7 13 
523 1622 
72 72 
362 878 
128 170 
219 235 
920 182 
1472 995 
1180 1324 
1128 1172 
54 330 
55 551 
957 1403 
1472 641 
226 1511 
742 807 
138 177 
9 1551 
252 55 
984 1115 
1357 250 
716 710 
171 187 
63 121 
107 1337 
752 690 
53 179 
889 1107 
231 1028 
109 124 
471 629 
354 357 
67 1380 
48 1004 
527 460 
575 496 
965 1024 
1472 1276 
605 670 
697 723 
809 905 
988 1110 
61 76 
867 236 
107 163 
1472 357 
1325 1107 
170 983 
1254 1147 
909 64 
140 131 
73 224 
1472 404 
168 204 
97 250 
922 1021 
23 214 
1438 1437 
671 730 
909 209 
487 421 
220 224 
2 47 
97 107 
1293 43 
46 412 
50 867 
770 40 
844 889 
1472 178 
334 411 
941 209 
863 1024 
367 337 
1110 1027 
386 464 
116 87 
47 1111 
889 977 
179 1095 
91 275 
1472 848 
758 701 
47 1476 
819 811 
859 790 
914 1069 
1472 975 
149 224 
295 314 
61 1256 
224 815 
1369 1401 
30 61 
91 49 
789 944 
1105 1367 
1380 1375 
259 1521 
1080 1311 
62 1478 
30 76 
920 944 
1472 749 
1248 836 
53 102 
130 1221 
1472 1419 
1111 64 
1463 1467 
909 1194 
240 273 
790 835 
1472 1082 
496 1631 
48 904 
1132 1132 
38 55 
260 245 
467 459 
217 176 
1359 1176 
146 140 
23 310 
3 1473 
941 1147 
330 960 
1325 1429 
205 1280 
268 270 
374 264 
908 894 
965 891 
1408 1438 
107 143 
1472 321 
3 88 
117 90 
1 431 
1472 496 
168 168 
922 977 
740 888 
83 87 
391 374 
1018 902 
304 344 
126 155 
73 109 
537 702 
130 252 
1472 111 
922 64 
727 759 
1304 1132 
1472 158 
423 1590 
46 299 
179 710 
453 491 
1285 1292 
1529 332 
63 1368 
358 344 
751 467 
1047 774 
146 1044 
168 740 
819 775 
275 741 
129 207 
1472 555 
404 455 
500 552 
752 909 
1043 1044 
91 29 
130 1415 
1623 581 
155 1036 
1597 566 
91 138 
54 306 
807 208 
290 301 
60 955 
81 496 
1388 1304 
69 948 
1247 727 
289 348 
1472 1431 
47 909 
1472 1030 
97 1128 
126 793 
807 788 
1472 1205 
281 1042 
63 1764 
363 342 
146 240 
151 129 
170 762 
663 1665 
109 1015 
809 961 
402 409 
330 996 
1036 1280 
226 53 
279 61 
545 591 
50 1747 
952 951 
130 271 
1472 318 
61 1561 
1527 344 
1408 1402 
107 107 
807 1132 
454 476 
1472 429 
260 1521 
1473 132 
758 142 
878 791 
1472 476 
117 175 
83 115 
463 471 
2 23 
751 1148 
1472 75 
168 275 
283 1246 
283 994 
867 1036 
1472 250 
1248 337 
1472 873 
224 905 
116 143 
957 1007 
740 1685 
1472 920 
149 183 
758 741 
752 1114 
54 252 
404 475 
224 727 
49 1768 
485 208 
859 975 
54 367 
789 1000 
1001 370 
110 182 
238 107 
241 261 
792 179 
399 209 
1472 725 
243 467 
1472 1348 
170 154 
1368 1429 
126 1115 
74 1194 
243 753 
977 939 
48 961 
344 344 
199 170 
236 1738 
1001 1178 
431 439 
109 185 
988 1244 
402 219 
723 709 
460 421 
1012 1226 
464 544 
1310 1292 
151 165 
49 999 
337 1351 
177 1310 
171 1044 
957 109 
316 91 
1423 1444 
727 1147 
283 386 
54 1047 
330 107 
219 1236 
605 460 
110 986 
2 217 
330 250 
1472 393 
205 1066 
279 295 
671 737 
1391 1206 
1172 1302 
179 1011 
1 407 
164 101 
1472 56 
79 74 
1472 87 
386 346 
1753 202 
941 236 
814 906 
130 1547 
149 1001 
410 455 
948 1327 
1021 207 
507 1609 
417 417 
897 1023 
94 1147 
789 185 
1472 885 
7 12 
983 887 
125 107 
146 944 
128 171 
1050 94 
1047 846 
1195 1115 
1472 996 
6 204 
1325 1748 
961 1121 
727 370 
306 790 
914 1113 
220 752 
98 1352 
1472 531 
171 412 
825 879 
1006 814 
226 1508 
61 1445 
318 300 
64 1179 
751 94 
789 893 
454 559 
1015 970 
47 980 
889 1106 
1118 905 
306 1646 
929 1019 
471 628 
130 768 
354 354 
1113 1315 
803 879 
1067 202 
146 22 
1001 1142 
941 1157 
889 1196 
182 967 
240 212 
61 986 
762 825 
1120 1115 
528 544 
177 1338 
1103 1103 
922 728 
151 62 
250 247 
164 187 
1103 1276 
1472 358 
224 390 
1473 211 
762 138 
1062 399 
54 1378 
922 1018 
1205 1249 
671 709 
306 359 
415 411 
1103 1298 
97 106 
1001 1004 
63 1089 
1472 179 
386 318 
941 208 
1472 802 
47 1110 
961 1315 
984 1020 
1618 559 
54 922 
920 356 
362 1431 
1047 850 
449 589 
1635 629 
38 537 
202 891 
957 1325 
1472 639 
61 1368 
1275 1310 
742 881 
984 1161 
1006 970 
1142 1058 
61 1481 
411 550 
138 850 
126 1201 
90 107 
989 1133 
727 1689 
63 412 
768 1600 
920 847 
902 803 
1022 1118 
1004 445 
969 850 
109 1675 
1472 1083 
179 337 
1012 967 
938 1006 
1055 1261 
1472 1194 
61 909 
1310 1333 
723 765 
61 1022 
7 1528 
337 1406 
752 155 
74 379 
809 996 
402 434 
1047 1242 
48 1298 
23 23 
316 3 
944 988 
367 1055 
961 850 
107 142 
1686 1126 
454 497 
537 611 
1472 322 
149 1337 
941 1709 
784 836 
231 225 
179 954 
1087 1168 
1472 497 
61 418 
1629 717 
1472 96 
1367 1469 
1147 1227 
49 68 
54 1015 
1472 782 
116 180 
1538 321 
905 1143 
969 1744 
1472 957 
176 208 
362 1419 
53 1474 
1472 556 
149 259 
409 622 
967 747 
224 699 
208 208 
6 39 
1388 1147 
138 231 
46 996 
980 866 
803 747 
110 155 
789 836 
980 977 
114 121 
526 568 
362 1103 
1155 1096 
50 1085 
366 355 
497 464 
46 1373 
380 395 
49 792 
47 893 
1370 94 
1472 1206 
122 161 
146 241 
1566 395 
1055 1110 
407 250 
762 881 
240 107 
1473 121 
171 1067 
955 1230 
908 908 
1479 71 
3 38 
920 1174 
481 480 
505 490 
768 1206 
896 891 
969 283 
1472 430 
920 1029 
411 394 
988 384 
1087 1204 
751 1038 
560 647 
1647 664 
967 1274 
289 1527 
110 793 
1472 76 
996 794 
775 755 
73 409 
1176 1044 
367 283 
1472 251 
50 955 
253 128 
1006 1178 
283 1535 
148 131 
867 1261 
1472 921 
441 1619 
379 455 
146 988 
20 69 
98 1445 
1472 520 
149 295 
1110 1322 
83 1567 
50 1388 
34 105 
1080 728 
428 433 
362 1153 
1472 726 
815 728 
337 873 
146 273 
920 792 
1472 1349 
1606 536 
941 1022 
1714 1017 
97 1050 
46 1401 
100 175 
1022 1174 
237 498 
67 1307 
893 1767 
217 126 
235 721 
810 237 
957 138 
1472 1170 
38 463 
1675 716 
170 735 
109 986 
917 861 
171 1047 
28 320 
318 1598 
1472 283 
98 412 
140 153 
582 1630 
1176 803 
130 387 
1472 394 
61 1709 
958 1157 
23 204 
209 1198 
1167 751 
73 91 
130 50 
330 330 
1001 1015 
396 337 
126 208 
399 850 
76 1021 
109 1310 
952 1313 
1472 168 
50 972 
909 909 
1105 1086 
1472 199 
1477 90 
412 1050 
1618 584 
957 1062 
219 237 
867 1021 
130 1501 
201 1595 
117 1115 
1128 1174 
403 1575 
1080 1285 
125 844 
412 1711 
1046 370 
789 779 
186 304 
850 747 
1358 179 
914 1400 
807 155 
920 965 
63 123 
337 853 
803 1244 
1248 809 
130 878 
220 902 
1472 1441 
941 994 
1705 853 
217 952 
220 821 
1070 961 
404 1596 
132 183 
303 302 
487 1597 
807 846 
1472 1103 
1132 1177 
1248 1170 
569 1625 
770 704 
916 1258 
1195 161 
279 1618 
50 330 
165 107 
97 941 
356 666 
1173 1087 
37 33 
346 1424 
792 874 
1319 1402 
1004 941 
752 94 
779 961 
356 1164 
742 1197 
999 874 
50 63 
1391 1124 
343 902 
283 286 
54 1379 
920 1149 
370 1036 
387 364 
330 366 
224 229 
1056 836 
727 749 
124 902 
527 721 
1022 955 
1006 1136 
386 319 
893 1410 
73 337 
1006 1251 
98 1176 
1472 803 
337 356 
63 1318 
1388 399 
984 1021 
585 462 
1 13 
146 1070 
1472 850 
116 192 
1015 1024 
916 209 
1472 961 
149 238 
370 375 
130 1441 
771 735 
1472 624 
149 351 
312 307 
1472 751 
49 1408 
1311 878 
358 1022 
217 762 
50 1415 
220 1199 
367 900 
1472 1310 
81 283 
651 659 
321 340 
50 1046 
938 205 
1472 1421 
986 209 
168 1380 
977 1010 
48 1190 
1015 94 
804 869 
988 1302 
97 751 
1055 1260 
332 338 
1472 1195 
252 537 
996 1372 
1472 1242 
61 1021 
1012 1027 
1311 1331 
969 540 
53 585 
98 98 
149 1126 
47 1747 
1070 1070 
67 1265 
47 47 
217 1724 
1439 1439 
1028 970 
897 1132 
1007 889 
496 297 
1702 958 
47 412 
74 90 
50 35 
362 337 
751 1269 
54 1359 
1472 498 
171 893 
1126 1059 
1254 1268 
83 89 
1472 97 
97 117 
1111 970 
358 124 
893 1333 
37 537 
1472 144 
559 644 
217 1257 
252 1606 
1472 783 
97 343 
63 1370 
1004 1080 
130 1379 
55 474 
1472 958 
149 145 
171 313 
1380 1055 
545 1620 
362 1416 
1004 1103 
1047 881 
402 527 
441 211 
404 449 
1110 1295 
172 165 
67 393 
412 1376 
94 850 
404 432 
1128 1262 
48 362 
984 1126 
91 140 
914 1329 
1472 715 
46 1408 
541 1614 
220 1203 
1396 346 
1472 1402 
171 133 
9 226 
1172 107 
909 1147 
243 535 
62 121 
1472 1048 
977 990 
138 1484 
1167 161 
487 1605 
69 1024 
809 805 
146 238 
455 376 
941 1117 
260 777 
409 465 
48 1343 
528 617 
944 1118 
1117 1141 
50 1745 
109 902 
1472 304 
83 279 
541 569 
374 362 
752 1714 
1408 1404 
236 271 
54 1208 
1472 431 
170 941 
83 388 
130 47 
727 804 
728 894 
217 1067 
30 1472 
109 1337 
1472 77 
792 1263 
50 809 
1010 939 
1472 252 
146 1511 
1080 1036 
48 89 
1369 1429 
859 803 
54 67 
148 140 
1472 922 
850 994 
48 40 
1248 177 
238 271 
697 1665 
1472 521 
295 252 
117 1094 
47 1391 
779 179 
214 500 
50 1389 
124 370 
768 896 
988 747 
236 1024 
55 732 
114 184 
98 1301 
1472 696 
878 1715 
9 1552 
1472 727 
126 1230 
1319 283 
113 961 
972 902 
1472 1350 
170 152 
941 1021 
1692 838 
165 387 
402 55 
220 850 
9 111 
1388 1421 
969 873 
1262 1766 
1472 1124 
889 1174 
784 1126 
809 769 
38 125 
921 895 
790 760 
1681 765 
762 803 
1331 900 
1311 1402 
64 1772 
496 403 
957 250 
151 167 
744 761 
358 1373 
784 1284 
957 107 
524 530 
727 1141 
1319 1361 
1483 47 
469 433 
164 129 
350 364 
334 625 
46 165 
73 201 
110 984 
537 602 
1472 395 
3 146 
1403 1425 
922 996 
387 371 
594 605 
50 235 
1685 877 
306 321 
73 90 
751 1069 
1472 58 
149 789 
793 881 
758 795 
117 129 
374 528 
1463 1780 
508 514 
1347 1351 
334 386 
1035 1209 
1262 1290 
1487 99 
889 826 
961 1349 
710 696 
1472 887 
204 1237 
792 1513 
7 14 
1015 1087 
105 116 
1004 1024 
54 47 
146 1114 
202 1010 
961 1127 
412 1337 
146 961 
1007 236 
146 1261 
98 1350 
149 314 
341 546 
214 272 
985 966 
1390 1403 
77 40 
1472 644 
1380 1333 
996 194 
578 591 
984 1118 
271 1016 
294 299 
1472 1331 
449 306 
69 1017 
252 417 
700 845 
167 136 
740 94 
1705 852 
909 1155 
27 394 
412 64 
179 375 
271 271 
1252 64 
1012 1209 
889 1202 
1062 961 
109 155 
165 153 
809 893 
23 303 
1472 1279 
61 984 
48 1433 
653 692 
47 165 
217 202 
807 1347 
1007 1015 
332 1549 
27 89 
528 546 
1117 1036 
957 399 
335 271 
944 1126 
235 107 
164 165 
1472 376 
939 1129 
50 60 
69 224 
415 500 
1472 407 
224 375 
996 1021 
957 337 
26 53 
814 202 
46 48 
1048 1190 
94 1448 
220 227 
751 1089 
330 367 
1472 6 
149 809 
124 903 
1347 1315 
867 1094 
1472 804 
97 330 
1247 1195 
1248 283 
271 536 
1 12 
202 903 
23 1483 
1472 851 
48 97 
1015 1027 
251 618 
863 803 
996 384 
1172 387 
1043 1021 
34 63 
185 185 
168 809 
149 350 
47 1319 
48 335 
114 192 
60 914 
1472 736 
367 790 
768 231 
1433 1447 
1472 1311 
464 430 
138 803 
252 453 
909 1110 
454 521 
844 129 
55 810 
938 202 
1472 1422 
156 131 
171 1682 
1472 1085 
97 1089 
48 1191 
63 380 
666 835 
1472 1196 
1080 205 
252 538 
373 826 
49 988 
122 250 
50 367 
1117 1279 
255 314 
402 432 
496 475 
792 728 
460 638 
605 528 
752 236 
1103 1069 
50 81 
1004 914 
893 1121 
537 609 
1472 324 
920 1067 
67 814 
231 227 
1 428 
61 1748 
204 1369 
922 988 
1024 1036 
83 88 
980 202 
1472 98 
171 909 
407 517 
182 271 
1472 145 
1012 202 
82 115 
1001 863 
505 520 
897 948 
441 496 
1472 768 
1110 1058 
98 905 
54 100 
94 1073 
146 1043 
224 863 
362 1417 
275 742 
1472 558 
404 450 
1750 1329 
172 166 
905 1367 
1015 1172 
1369 1370 
531 537 
34 67 
1247 941 
732 366 
346 209 
1741 1170 
957 1359 
1472 605 
404 433 
46 1046 
204 358 
1472 716 
171 119 
411 516 
1720 1122 
1248 867 
220 984 
74 1058 
1472 1403 
977 819 
105 392 
471 585 
495 1607 
48 984 
50 1162 
909 1227 
988 1348 
1070 1022 
67 1313 
1041 1044 
1050 1386 
1472 1160 
252 574 
1050 961 
109 867 
1024 1008 
1004 208 
346 1446 
402 404 
409 464 
464 869 
396 250 
107 223 
807 1176 
753 801 
1472 305 
46 142 
727 961 
191 867 
50 117 
337 1146 
807 1129 
868 1129 
170 938 
1041 445 
212 225 
415 460 
692 730 
306 301 
1731 1123 
1472 78 
97 400 
335 138 
73 415 
21 167 
1472 253 
920 384 
996 747 
1111 1118 
283 916 
909 1016 
485 1606 
1359 64 
957 1024 
224 908 
867 1182 
172 100 
63 1401 
399 399 
94 1069 
202 991 
1070 124 
1110 1209 
146 986 
53 1572 
47 1390 
752 940 
825 848 
219 417 
914 1155 
20 54 
74 1380 
1472 697 
155 985 
428 435 
105 330 
238 110 
792 182 
191 156 
1370 367 
909 1037 
989 1107 
146 271 
1047 747 
1472 1351 
97 1199 
351 346 
485 512 
358 790 
1359 1422 
471 621 
149 1753 
1403 346 
130 938 
1085 1142 
46 1774 
467 535 
1472 1172 
243 784 
138 1136 
47 128 
146 211 
1385 1458 
48 1357 
49 996 
1021 1266 
1728 1140 
202 202 
977 1088 
1473 91 
50 390 
358 1325 
809 179 
1472 285 
121 107 
109 762 
1172 1297 
73 89 
1 404 
537 714 
351 722 
124 1096 
550 564 
1472 170 
560 564 
83 129 
1001 902 
49 49 
727 696 
836 961 
412 1253 
219 961 
1472 217 
367 1557 
46 358 
984 995 
1472 840 
938 1084 
741 733 
215 234 
54 44 
96 338 
1472 999 
370 337 
20 91 
789 920 
1472 534 
149 313 
46 1247 
409 548 
105 149 
253 373 
208 154 
999 1052 
919 1035 
1425 862 
1118 1021 
124 117 
859 202 
471 640 
1015 967 
1145 774 
977 916 
1248 1317 
217 47 
965 1147 
53 337 
894 851 
844 124 
402 171 
988 1292 
1472 1089 
965 1036 
623 480 
1206 1309 
191 628 
111 1105 
399 1563 
996 1289 
48 1385 
91 1361 
130 323 
922 807 
61 185 
1370 1421 
1319 1396 
164 166 
1472 377 
920 1232 
351 528 
980 64 
727 905 
999 868 
50 61 
231 254 
770 770 
454 283 
435 461 
399 1198 
1472 488 
170 1078 
50 140 
73 117 
1103 1311 
560 577 
727 751 
836 918 
110 727 
1712 945 
1472 182 
334 415 
922 155 
546 543 
432 419 
306 580 
124 1219 
417 465 
1472 805 
404 201 
61 1026 
146 768 
54 921 
201 507 
952 1053 
1472 852 
224 948 
105 87 
379 528 
91 388 
128 138 
236 1195 
219 203 
185 847 
1472 963 
7 130 
251 730 
412 1310 
985 1092 
1047 988 
219 120 
220 727 
91 1753 
346 1558 
1472 626 
149 349 
60 1288 
742 884 
47 1318 
1080 1315 
91 162 
130 1070 
716 663 
114 193 
920 948 
1472 737 
1011 885 
1385 64 
1310 129 
742 967 
1180 1089 
727 1690 
909 1109 
920 850 
1472 1423 
133 107 
38 216 
204 176 
48 1112 
908 1334 
64 1335 
48 908 
1070 850 
1472 1197 
740 337 
363 366 
1141 811 
1472 1244 
727 1246 
1021 1021 
67 1267 
412 762 
1004 124 
179 225 
1230 1334 
130 295 
666 661 
541 595 
155 152 
411 306 
50 78 
1389 367 
107 131 
1004 915 
179 782 
1472 325 
226 271 
170 951 
412 920 
790 237 
1472 500 
83 91 
110 768 
1709 1118 
693 783 
235 261 
1472 146 
701 736 
83 185 
1686 861 
55 423 
1105 1028 
1472 769 
404 237 
98 902 
742 1675 
1472 944 
281 271 
1247 1055 
768 823 
220 260 
1447 1205 
1472 559 
316 1483 
479 521 
1044 747 
1317 1689 
114 146 
96 393 
1472 606 
404 434 
168 774 
811 888 
1261 1280 
1472 717 
1458 1456 
980 988 
237 233 
1472 1404 
1080 908 
986 179 
1472 1050 
1015 60 
252 712 
18 16 
73 1483 
740 373 
941 1226 
1248 1116 
217 144 
952 861 
151 157 
460 524 
1361 1388 
37 22 
779 813 
1205 1427 
1472 306 
236 265 
809 231 
1472 417 
98 358 
922 910 
988 387 
399 1254 
1472 464 
171 859 
740 792 
67 922 
967 1271 
69 72 
287 129 
844 1090 
1472 79 
685 366 
444 444 
50 807 
231 996 
967 1156 
124 1172 
179 697 
113 1369 
957 1198 
1472 254 
1402 1447 
1247 1373 
1447 1147 
957 1055 
98 1118 
540 1129 
1285 961 
149 179 
64 917 
105 47 
565 635 
1043 967 
162 62 
53 1571 
96 294 
1472 523 
47 1385 
194 975 
1686 202 
55 734 
114 182 
149 405 
1385 399 
704 724 
74 792 
111 231 
337 878 
211 821 
124 82 
1472 1368 
60 1046 
728 1700 
485 527 
1197 1310 
1085 1028 
955 803 
354 346 
47 941 
48 965 
809 758 
1472 1126 
48 1120 
1001 1182 
1361 1454 
1036 1218 
1055 1190 
387 185 
1472 1173 
1423 94 
605 693 
1067 896 
1232 961 
605 550 
130 380 
387 87 
149 1180 
1472 286 
1366 894 
889 1744 
1103 1173 
149 1406 
140 107 
124 1498 
73 88 
844 1047 
454 335 
383 383 
399 1274 
1472 60 
168 356 
953 1244 
758 793 
1370 1147 
113 1268 
55 201 
128 1318 
1472 171 
171 980 
49 48 
432 440 
1001 790 
984 996 
362 984 
1055 830 
445 1243 
1066 1029 
215 229 
988 939 
715 805 
1472 1016 
149 215 
867 1022 
367 1770 
1472 535 
404 507 
47 1293 
531 592 
111 138 
957 1398 
1472 646 
49 1433 
431 531 
55 595 
789 889 
846 842 
1472 1333 
170 235 
908 1069 
191 179 
104 107 
107 1340 
379 179 
1118 1302 
1433 1402 
1472 1444 
156 185 
231 1027 
1373 1089 
1107 1133 
113 205 
60 460 
1472 1090 
170 412 
48 1036 
252 752 
957 171 
224 1041 
97 1285 
762 837 
48 1435 
965 1180 
109 810 
124 1705 
752 194 
179 132 
23 15 
1369 117 
107 166 
164 167 
415 502 
537 564 
1472 489 
204 1335 
367 1253 
170 867 
1331 94 
961 916 
49 370 
1172 986 
110 869 
1472 24 
217 1121 
909 861 
1117 1742 
1472 183 
1162 1119 
1682 790 
50 1007 
1447 1458 
867 1096 
1110 1028 
1477 59 
1015 1132 
21 79 
1472 853 
1110 1143 
867 909 
727 445 
1004 1126 
55 352 
202 788 
171 367 
1315 1754 
1042 1150 
1111 1383 
91 52 
471 464 
236 1083 
988 830 
1472 627 
404 415 
149 348 
1001 445 
330 1367 
38 620 
792 64 
61 1477 
53 97 
1472 1297 
454 527 
952 1737 
1472 1408 
942 784 
47 1012 
527 446 
1066 716 
1385 1758 
1472 1087 
1001 1221 
63 382 
48 909 
204 768 
1472 1198 
1331 1381 
182 935 
955 1097 
61 1018 
941 1142 
182 854 
697 754 
988 1079 
904 948 
828 1704 
122 107 
54 1056 
402 449 
867 271 
83 380 
727 1087 
155 155 
732 663 
1085 917 
454 501 
809 138 
920 1069 
502 481 
287 287 
1324 1346 
1103 1357 
1472 501 
170 1067 
810 740 
922 986 
984 271 
1472 100 
560 622 
337 411 
50 768 
1022 986 
789 283 
3 394 
337 308 
325 283 
1472 770 
116 176 
1373 94 
1747 209 
55 471 
146 1041 
1472 945 
47 1511 
910 803 
346 300 
110 445 
867 1346 
1472 544 
404 460 
149 271 
224 704 
1369 1368 
1117 970 
412 1379 
236 1055 
1472 607 
412 1682 
922 1047 
1472 718 
60 1180 
464 509 
49 1441 
380 161 
220 986 
117 818 
996 107 
64 1142 
747 971 
989 906 
313 345 
23 1538 
1070 909 
407 419 
49 1155 
1080 909 
941 807 
1388 1444 
909 1225 
1729 1076 
1380 64 
204 213 
1036 1096 
211 1683 
47 889 
1316 1412 
1615 544 
1047 1044 
1012 807 
921 864 
955 996 
1472 1162 
61 941 
836 1141 
1366 1770 
1248 1117 
111 1051 
151 156 
762 893 
531 1614 
1361 1379 
454 55 
94 94 
545 578 
620 386 
970 209 
920 1178 
454 465 
965 1003 
1472 465 
83 118 
46 110 
12 10 
30 1479 
1472 64 
417 559 
897 869 
48 205 
46 328 
283 918 
784 209 
768 758 
237 759 
1472 878 
335 938 
1114 1247 
1369 1434 
1022 208 
984 807 
146 984 
53 1570 
146 1156 
1472 524 
1167 1373 
341 523 
252 186 
87 123 
114 183 
1472 699 
9 289 
941 728 
980 1206 
789 868 
367 840 
1472 1322 
149 1541 
1112 1069 
1417 1407 
1472 1369 
117 790 
9 3 
300 1542 
909 1180 
751 807 
402 50 
220 813 
113 87 
807 977 
1085 1027 
1262 1765 
790 780 
113 32 
236 1735 
762 703 
889 1179 
252 749 
330 803 
1055 1185 
1472 1174 
170 328 
48 804 
109 837 
697 697 
1007 988 
1380 346 
138 1217 
67 1085 
1311 1268 
528 569 
421 426 
67 1226 
13 16 
1173 1160 
107 189 
50 1776 
1334 1326 
237 1586 
809 177 
1472 287 
666 714 
350 339 
614 652 
61 260 
48 1709 
67 859 
144 208 
224 366 
168 214 
957 330 
224 1714 
387 372 
961 911 
46 27 
67 1000 
1172 967 
54 742 
1472 61 
98 762 
46 394 
50 889 
412 880 
231 954 
451 470 
1252 1124 
182 346 
1472 172 
941 231 
374 902 
231 779 
1142 803 
1472 219 
116 121 
98 988 
920 1714 
965 370 
113 1493 
1015 1080 
432 231 
146 941 
130 1318 
219 225 
149 214 
236 1232 
55 652 
1194 1178 
742 846 
341 559 
789 791 
387 1355 
1472 647 
337 824 
338 1555 
1597 633 
236 1526 
1380 1415 
375 177 
124 119 
250 1334 
967 973 
1015 961 
337 730 
306 1643 
463 643 
999 1357 
1293 1050 
1248 1319 
807 842 
1055 1268 
1015 231 
1128 64 
957 170 
295 1543 
320 337 
72 1298 
252 608 
109 809 
91 1363 
107 153 
415 352 
164 160 
128 1142 
1472 379 
170 977 
374 337 
412 950 
37 271 
1709 1255 
1472 490 
922 967 
50 138 
805 778 
1087 1224 
1472 25 
374 1199 
94 1342 
456 476 
1087 1113 
1167 1233 
50 1004 
909 941 
73 341 
54 1004 
1285 1298 
98 1172 
1472 807 
620 541 
984 961 
201 505 
867 1240 
1472 854 
149 121 
1313 1082 
124 727 
768 813 
1472 965 
961 1088 
768 988 
471 467 
1472 628 
902 107 
63 165 
105 375 
1155 1205 
1779 1465 
815 815 
209 209 
762 1039 
963 1016 
362 1221 
1433 1444 
1472 1298 
941 945 
337 693 
1387 1409 
485 501 
909 1107 
852 663 
9 91 
47 1015 
217 920 
751 863 
1603 510 
1753 1421 
48 1114 
1373 1444 
809 717 
367 727 
1472 1199 
375 1564 
165 186 
1472 1246 
541 271 
67 1124 
249 265 
47 186 
415 550 
957 63 
260 785 
283 464 
605 621 
1085 803 
1472 296 
922 825 
83 383 
868 1136 
226 269 
46 224 
944 1172 
412 922 
605 271 
73 134 
537 535 
1472 502 
920 1117 
209 1258 
69 82 
110 774 
310 324 
1472 101 
335 179 
283 540 
488 538 
909 832 
126 236 
1472 148 
814 967 
46 301 
1167 961 
1117 182 
182 189 
1472 771 
61 1060 
412 1118 
768 666 
988 1021 
1472 946 
82 400 
768 777 
275 747 
1472 545 
1133 1186 
1369 1375 
236 1048 
74 1359 
114 144 
69 1480 
1252 967 
920 914 
220 1167 
1472 1406 
170 160 
752 752 
768 373 
909 1143 
1197 1336 
236 1357 
814 1228 
217 1012 
165 380 
661 615 
204 214 
1472 1052 
224 1276 
852 538 
46 1745 
146 91 
1047 1047 
113 148 
988 1270 
182 1317 
1373 1337 
1007 955 
170 740 
48 1444 
957 67 
779 815 
999 968 
944 1106 
1334 1347 
1472 308 
61 255 
944 1021 
999 857 
231 179 
986 1096 
149 1368 
412 1022 
179 925 
1050 384 
170 1036 
1393 1292 
168 281 
149 878 
1307 384 
577 611 
124 1174 
1172 1118 
179 699 
1433 346 
1472 240 
1096 1296 
1472 879 
7 38 
211 763 
358 382 
34 128 
54 71 
957 1422 
867 964 
237 536 
697 1669 
920 208 
1472 525 
367 117 
341 522 
910 943 
50 1385 
34 98 
752 943 
1173 1003 
236 1148 
20 49 
204 310 
1472 700 
704 726 
941 727 
105 335 
50 1528 
53 55 
91 236 
1472 1323 
1370 362 
308 155 
1162 94 
1472 1370 
170 132 
49 1117 
449 475 
69 1230 
755 1679 
471 622 
67 1393 
69 803 
431 460 
488 1678 
50 1197 
1197 1197 
386 607 
482 500 
464 663 
889 1178 
455 459 
661 748 
61 944 
464 550 
1385 1463 
27 113 
49 537 
231 497 
894 1715 
807 1320 
1232 850 
1608 525 
231 1586 
1472 272 
922 881 
117 107 
121 104 
374 330 
537 606 
73 1569 
1472 399 
535 511 
774 861 
1126 1052 
170 909 
260 527 
618 1619 
211 91 
50 231 
844 1021 
1472 62 
740 830 
279 402 
399 1141 
1472 173 
577 591 
49 54 
50 969 
124 1210 
113 1403 
1472 220 
281 171 
1060 1011 
768 723 
1472 843 
7 10 
1015 1083 
287 1534 
155 1343 
450 421 
130 1319 
1472 1018 
1221 209 
91 42 
186 330 
1472 617 
1758 1383 
161 152 
789 790 
1472 664 
90 145 
1709 94 
920 970 
149 1560 
1114 984 
814 1322 
1389 1358 
941 989 
449 423 
837 796 
1778 1470 
109 117 
850 1133 
97 1081 
941 878 
988 1295 
1472 1092 
61 867 
1012 1157 
569 1628 
179 488 
146 163 
1472 1267 
61 980 
740 271 
605 663 
48 1388 
130 350 
476 476 
614 734 
904 873 
1370 1416 
779 887 
541 588 
356 790 
807 1117 
1472 380 
920 1235 
9 1492 
283 277 
1297 903 
50 56 
287 293 
608 626 
952 740 
130 96 
1472 491 
54 1380 
740 835 
161 1310 
972 1090 
1472 26 
727 744 
432 471 
909 859 
819 741 
374 1247 
941 202 
12 162 
231 814 
988 107 
454 1611 
1472 824 
224 984 
1043 803 
146 1067 
740 1707 
1529 298 
46 752 
768 814 
1709 271 
271 661 
236 1190 
1472 966 
1057 1000 
46 1167 
304 1562 
752 920 
38 531 
957 1319 
1472 629 
961 1264 
105 374 
91 167 
1472 740 
1368 1333 
541 1637 
50 1408 
1433 1451 
1293 1371 
485 500 
38 844 
938 182 
1472 1410 
289 314 
380 381 
792 399 
1145 807 
941 850 
988 1299 
1472 1184 
1001 1108 
965 1261 
240 246 
1036 1156 
938 891 
1472 1247 
460 491 
111 1142 
727 1096 
807 1264 
1472 297 
226 155 
83 382 
965 868 
107 132 
537 613 
1472 344 
50 220 
1099 219 
784 954 
73 133 
560 657 
128 1393 
1472 102 
128 988 
1252 1085 
2 957 
1472 149 
335 803 
102 106 
231 850 
412 1064 
897 904 
1472 772 
97 362 
663 673 
1080 1141 
1001 236 
146 867 
138 399 
1369 1325 
111 1006 
109 1172 
1056 1117 
1472 546 
404 462 
172 162 
1408 346 
0 83 
110 306 
38 575 
1047 1021 
114 145 
204 275 
1472 593 
149 382 
46 1050 
64 1194 
48 367 
394 375 
1472 704 
295 53 
49 1447 
143 193 
366 1702 
1683 759 
941 916 
700 881 
243 538 
100 177 
889 1036 
988 1344 
224 1277 
177 1033 
259 267 
848 834 
122 171 
1248 1119 
213 208 
53 519 
130 740 
957 209 
170 741 
740 711 
762 891 
916 1054 
37 19 
809 970 
421 436 
922 747 
727 1132 
768 1053 
168 109 
1771 1451 
792 935 
1331 250 
110 961 
454 471 
751 1191 
1473 157 
740 948 
502 451 
527 630 
1472 467 
1035 1027 
170 825 
727 803 
177 195 
30 1477 
893 1379 
72 999 
110 803 
1526 309 
179 1510 
73 387 
972 1305 
1472 241 
412 1036 
105 1574 
1319 893 
236 968 
1472 864 
47 1044 
869 1708 
37 1070 
1047 803 
236 863 
1357 1351 
862 959 
565 632 
1248 182 
825 747 
988 881 
402 620 
20 67 
914 1132 
920 209 
1472 526 
697 1668 
7 199 
779 182 
83 1573 
1422 1176 
124 399 
20 50 
60 999 
957 1391 
1472 701 
920 64 
1180 1254 
9 295 
63 252 
1344 1235 
1472 1324 
1351 1008 
1246 1246 
252 410 
146 267 
1307 1178 
412 202 
909 1178 
236 1714 
421 1600 
49 1197 
1041 1115 
1022 1176 
179 286 
1472 1145 
498 536 
337 1438 
1472 1256 
752 330 
460 563 
727 1155 
909 370 
109 980 
37 55 
130 379 
1423 1453 
1702 872 
87 1021 
1069 1317 
168 73 
211 237 
445 1699 
537 605 
73 1568 
1472 384 
996 966 
758 237 
279 316 
209 1184 
73 93 
1472 63 
965 94 
69 41 
73 46 
1472 174 
28 770 
1172 807 
239 270 
441 451 
1491 107 
114 1473 
984 999 
201 451 
1472 844 
867 914 
7 5 
177 346 
113 1444 
862 923 
96 342 
1110 1241 
1317 1741 
1142 1198 
1472 618 
390 177 
893 208 
1248 961 
91 90 
186 314 
1408 177 
1178 1291 
1089 1404 
914 1394 
1472 1288 
171 179 
100 107 
63 97 
1242 1682 
526 587 
74 1126 
1472 1447 
941 988 
471 525 
113 113 
171 1709 
303 1536 
807 836 
643 600 
165 132 
1047 1118 
1472 1268 
48 1438 
47 160 
965 1177 
48 1389 
1154 999 
130 351 
1007 867 
182 1036 
60 156 
209 994 
1300 1468 
144 175 
164 162 
1472 381 
1128 399 
47 375 
965 784 
412 944 
74 179 
1472 492 
920 1091 
188 175 
980 179 
965 929 
412 807 
91 1248 
988 1682 
1472 27 
774 713 
124 1128 
844 881 
1472 138 
399 1096 
279 550 
1041 155 
67 740 
432 423 
789 373 
1472 825 
1 7 
55 460 
1304 1334 
957 784 
379 532 
399 451 
38 641 
310 186 
1472 967 
49 1752 
341 592 
50 1375 
825 803 
404 410 
168 814 
81 115 
105 373 
252 252 
1391 373 
1298 1230 
1007 124 
1472 741 
237 769 
920 807 
1472 1300 
1180 1117 
977 202 
677 665 
289 328 
694 745 
220 864 
632 608 
407 408 
907 1164 
815 527 
1042 1729 
289 313 
908 1330 
1080 867 
967 209 
1010 1672 
146 117 
73 1491 
61 902 
1001 1115 
986 1021 
236 236 
146 132 
1055 1147 
1472 1232 
61 1015 
910 194 
1444 1438 
1769 1415 
402 429 
97 963 
496 464 
98 124 
1319 1415 
807 1267 
130 291 
226 1612 
168 1702 
50 74 
144 139 
751 1154 
1472 345 
944 1174 
87 1486 
454 379 
1472 456 
168 144 
46 81 
412 779 
328 342 
844 774 
830 1053 
94 1304 
1752 94 
520 547 
577 566 
374 1080 
337 297 
362 908 
73 375 
275 527 
37 660 
1472 773 
867 861 
47 1139 
91 375 
54 121 
146 1036 
1472 948 
98 885 
1001 124 
768 779 
1709 370 
38 685 
789 107 
47 1361 
306 985 
54 155 
1472 594 
46 1007 
1285 540 
1472 705 
411 539 
762 1057 
50 1445 
1472 1392 
351 365 
1385 177 
220 836 
46 1380 
204 208 
1472 1054 
168 1350 
1248 1249 
431 411 
965 1087 
1285 208 
73 1487 
457 1588 
1055 1230 
1221 1294 
1100 209 
146 232 
1089 864 
916 900 
957 208 
1012 1133 
1352 1262 
376 1587 
1206 1241 
1007 1118 
1361 1376 
91 1388 
97 1007 
171 1056 
226 205 
279 53 
50 415 
840 849 
50 110 
1472 421 
168 253 
1643 628 
279 283 
1438 1458 
209 1211 
53 1018 
54 1325 
83 123 
209 1236 
107 385 
73 49 
1 316 
1472 67 
1145 1737 
1111 996 
1438 1132 
325 363 
73 386 
770 488 
168 426 
1057 1220 
1055 945 
46 335 
909 1011 
105 1573 
897 1003 
236 969 
47 1047 
1111 1226 
1026 1019 
217 1513 
146 983 
271 716 
1402 1268 
1472 527 
224 751 
980 1090 
341 520 
33 463 
1247 908 
1230 250 
114 178 
957 1390 