1	2
1	2
1	2
3	2
1	2
2	1
2	1
3	1
4	1
3	1
3	1
3	1
3	1
3	1
3	1
3	1
3	1
3	1
4	1
4	1
1	1
4	1
3	1
3	1
1	1
2	1
1	1
1	1
1	1
3	1
1	1
5	1
6	1
7	1
8	1
9	1
10	1
10	1
10	1
10	1
10	1
3	1
6	1
1	1
6	1
1	1
6	1
11	1
6	1
6	1
1	1
6	1
6	1
1	1
6	1
6	1
6	1
11	1
6	1
1	1
3	1
3	1
12	1
1	1
6	1
3	1
3	1
11	1
3	1
11	1
11	1
11	1
1	1
1	1
3	1
13	1
1	1
14	1
1	1
3	1
1	1
13	1
13	1
3	1
3	1
13	1
3	1
3	1
13	1
1	1
3	1
3	1
3	1
3	1
13	1
15	1
16	1
3	1
1	1
16	1
16	1
13	1
16	1
3	1
1	1
1	1
13	1
3	1
17	1
17	1
17	1
17	1
18	1
16	1
11	1
11	1
19	1
3	1
20	1
20	1
20	1
21	1
21	1
3	1
22	1
4	1
22	1
22	1
22	1
23	1
24	1
25	1
1	1
26	1
25	1
25	1
27	1
1	1
3	1
28	1
28	1
4	1
4	1
29	1
29	1
3	1
3	1
4	1
20	1
4	1
30	1
31	1
32	1
25	1
25	1
33	1
34	1
33	1
17	1
33	1
35	1
3	3
1	3
1	3
1	3
1	3
1	3
1	3
1	3
1	3
1	3
1	3
16	3
16	3
1	3
1	3
1	3
1	3
16	3
16	3
1	3
3	3
6	3
3	3
6	3
36	3
37	3
1	3
1	3
1	3
1	3
6	3
1	3
1	3
1	3
1	3
1	3
38	3
13	3
38	3
1	3
13	3
1	3
13	3
13	3
13	3
20	3
13	3
15	3
39	3
40	3
41	3
40	3
41	3
42	3
13	3
13	3
13	3
43	3
13	3
44	3
45	3
45	3
45	3
46	3
46	3
47	3
48	3
49	3
49	3
46	3
13	3
13	3
50	3
20	3
51	3
51	3
51	3
25	3
51	3
25	3
25	3
52	3
20	3
17	3
20	3
20	3
20	3
4	3
25	3
20	3
20	3
17	3
20	3
17	3
25	3
25	3
20	3
1	3
23	3
20	3
17	3
17	3
53	3
25	3
25	3
20	3
20	3
23	3
4	3
25	3
25	3
53	3
25	3
25	3
51	3
54	3
55	3
25	3
25	3
25	3
16	3
16	3
25	3
56	3
25	3
16	3
23	3
23	3
57	3
25	3
25	3
25	3
4	3
25	3
4	3
4	3
4	3
20	3
20	3
58	3
25	3
25	3
58	3
56	3
56	3
56	3
58	3
56	3
56	3
56	3
27	3
25	3
27	3
25	3
25	3
1	3
25	3
27	3
27	3
27	3
59	3
60	3
20	3
20	3
25	3
25	3
61	3
62	3
60	3
62	3
3	3
20	3
63	3
25	3
20	3
64	3
64	3
25	3
65	3
20	3
60	3
25	3
66	3
67	3
68	3
69	3
70	3
71	3
71	3
53	3
66	3
72	3
53	3
25	3
25	3
73	3
74	3
75	3
76	3
71	3
71	3
71	3
71	3
20	3
77	3
77	3
71	3
20	3
25	3
3	3
25	3
25	3
3	3
78	3
79	3
80	3
30	3
78	3
78	3
78	3
25	3
78	3
81	3
78	3
82	3
78	3
78	3
31	3
32	3
83	3
83	3
25	3
25	3
25	3
25	3
25	3
25	3
33	3
33	3
33	3
33	3
84	3
84	3
25	3
78	3
85	3
25	3
25	3
25	3
86	3
87	3
88	3
89	3
90	3
90	3
91	3
92	3
4	3
25	3
25	3
4	3
93	3
94	3
95	3
3	3
25	3
3	3
4	3
3	3
96	3
25	3
97	3
98	3
33	3
33	3
3	3
33	3
99	3
86	3
3	3
100	3
100	3
101	3
102	3
3	3
102	3
3	3
102	3
3	3
100	3
100	3
89	3
3	3
34	3
33	3
33	3
89	3
3	3
89	3
103	3
103	3
3	3
103	3
3	3
33	3
104	3
3	3
104	3
71	3
71	3
3	3
103	3
3	3
103	3
71	3
101	3
101	3
3	3
71	3
71	3
105	3
71	3
106	3
106	3
106	3
106	3
107	3
108	3
108	3
109	3
110	3
108	3
111	3
33	3
33	3
33	3
3	3
112	3
33	3
3	3
113	3
33	3
114	3
114	3
33	3
33	3
33	3
33	3
115	3
3	3
33	3
116	3
117	3
117	3
117	3
117	3
117	3
117	3
117	3
117	3
117	3
25	3
118	3
118	3
118	3
118	3
33	3
33	3
3	3
33	3
118	3
118	3
118	3
118	3
118	3
118	3
118	3
119	3
118	3
118	3
118	3
118	3
118	3
118	3
118	3
118	3
118	3
118	3
118	3
3	3
120	3
33	3
121	3
121	3
118	3
118	3
121	3
121	3
121	3
121	3
121	3
121	3
121	3
118	3
118	3
121	3
122	3
3	3
123	3
118	3
118	3
123	3
118	3
33	3
33	3
33	3
33	3
33	3
33	3
33	3
33	3
3	3
118	3
118	3
124	3
33	3
125	3
118	3
118	3
118	3
118	3
3	3
33	3
118	3
118	3
118	3
118	3
118	3
118	3
126	3
3	3
127	3
118	3
118	3
118	3
118	3
118	3
3	128
1	128
128	128
1	4
4	4
4	4
1	4
1	4
4	4
1	4
1	4
1	4
1	4
3	4
4	4
3	4
4	4
6	4
6	4
4	4
6	4
129	4
4	4
3	4
3	4
3	4
3	4
3	4
4	4
25	4
25	4
25	4
25	4
25	4
25	4
4	4
130	4
130	4
131	4
131	4
131	4
131	4
104	4
3	4
25	4
132	4
132	4
3	4
3	4
20	4
133	4
4	4
20	4
25	4
25	4
25	4
20	4
25	4
134	4
25	4
25	4
25	4
25	4
25	4
25	4
25	4
114	4
135	4
25	4
136	4
114	4
25	4
114	4
25	4
137	4
137	4
76	4
3	4
20	4
4	4
20	4
25	4
25	4
4	4
78	4
78	4
78	4
138	4
25	4
114	4
114	4
114	4
114	4
78	4
139	4
78	4
140	4
30	4
114	4
25	4
4	4
141	4
141	4
141	4
33	4
31	4
32	4
4	4
33	4
4	4
33	4
25	4
25	4
4	4
142	4
4	4
142	4
4	4
78	4
78	4
4	4
85	4
25	4
25	4
4	4
4	4
143	4
144	4
25	4
4	4
25	4
85	4
85	4
4	4
85	4
85	4
85	4
114	4
4	4
145	4
4	4
114	4
114	4
4	4
25	4
25	4
25	4
86	4
89	4
4	4
146	4
3	4
147	4
33	4
148	4
33	4
33	4
123	4
149	149
1	150
3	16
16	16
1	16
1	16
16	16
151	16
16	16
3	16
16	16
3	16
1	16
39	16
3	16
1	16
1	16
6	16
6	16
2	16
16	16
6	16
6	16
6	16
6	16
16	16
6	16
16	16
6	16
6	16
16	16
6	16
3	16
8	16
16	16
152	16
152	16
20	16
43	16
20	16
16	16
153	16
20	16
20	16
16	16
20	16
16	16
20	16
20	16
16	16
20	16
20	16
20	16
154	16
154	16
20	16
3	16
63	16
63	16
3	16
20	16
19	16
20	16
20	16
3	16
3	16
25	16
20	16
3	16
25	16
20	16
25	16
30	16
142	16
25	16
89	16
33	16
33	16
3	155
123	155
156	155
123	155
1	151
16	151
151	151
3	151
3	157
157	157
16	8
8	8
16	8
1	8
3	8
39	8
14	8
20	8
20	8
8	8
20	8
20	8
20	8
158	8
19	8
20	8
25	8
25	8
78	8
30	8
159	8
33	8
31	8
32	8
66	8
1	160
16	161
1	161
123	161
156	161
123	161
3	162
33	162
33	162
162	162
33	162
3	39
3	39
3	39
8	39
6	39
39	39
6	39
3	39
39	39
39	39
129	39
39	39
39	39
39	39
39	39
152	39
20	39
20	39
39	39
39	39
20	39
163	39
19	39
163	39
20	39
20	39
39	39
3	39
114	39
20	39
39	39
78	39
33	39
30	39
31	39
32	39
25	39
86	39
89	39
3	39
164	39
33	39
33	39
33	39
114	39
33	39
114	39
114	39
33	39
39	39
14	39
39	39
33	39
114	39
39	39
114	39
114	39
114	39
39	39
123	39
33	39
165	39
33	39
1	166
166	166
3	166
123	166
156	166
123	166
3	167
3	6
1	6
6	6
1	6
6	6
16	6
6	6
1	6
168	6
168	6
16	6
168	6
168	6
168	6
168	6
168	6
168	6
168	6
168	6
168	6
169	6
170	6
11	6
1	6
1	6
11	6
1	6
1	6
1	6
1	6
171	6
3	6
25	6
78	6
30	6
31	6
32	6
66	6
8	16
16	16
6	16
6	16
6	16
172	16
114	16
16	173
123	173
156	173
123	173
6	174
6	174
175	175
123	175
156	175
123	175
6	176
16	176
177	177
177	177
3	178
123	178
156	178
123	178
7	7
7	7
3	179
6	179
6	179
179	179
179	179
16	14
3	14
14	14
6	14
1	14
14	14
14	14
9	14
14	14
39	14
6	14
14	14
14	14
86	14
14	14
33	14
33	14
94	14
33	14
33	14
33	14
33	14
14	14
33	14
14	14
6	168
168	168
6	168
3	168
6	168
6	168
168	168
168	168
6	168
6	168
6	168
6	168
6	168
6	168
6	168
168	168
6	168
6	168
4	168
123	168
156	168
123	168
3	180
123	180
156	180
123	180
3	51
3	51
3	51
13	51
13	51
1	51
13	51
13	51
3	51
13	51
13	51
13	51
3	51
13	51
13	51
13	51
13	51
13	51
3	51
13	51
3	51
13	51
13	51
13	51
3	51
13	51
16	51
13	51
13	51
3	51
25	51
51	51
123	51
156	51
123	51
3	181
36	36
3	36
36	36
3	36
6	182
6	182
183	183
183	183
184	184
184	184
6	185
123	185
156	185
123	185
6	169
169	169
6	169
3	169
169	169
1	186
3	186
187	187
3	188
188	188
39	1
15	1
20	1
4	1
101	1
33	1
189	189
6	189
6	189
6	189
6	190
190	190
190	190
6	191
6	191
6	191
6	191
6	192
123	192
156	192
123	192
6	193
6	194
33	194
194	194
33	194
114	194
33	194
114	194
33	194
33	194
6	195
6	195
195	195
6	11
11	11
11	11
196	196
3	196
123	196
156	196
123	196
37	37
123	37
156	37
3	54
54	54
3	197
3	198
123	198
156	198
123	198
3	199
3	200
200	200
3	200
3	201
123	201
156	201
123	201
3	202
6	202
3	203
204	204
3	204
204	204
3	205
3	206
6	207
6	207
207	207
3	207
6	207
3	207
123	207
156	207
123	207
6	208
25	208
114	208
114	208
114	208
33	208
209	208
209	208
33	208
208	208
114	208
210	208
33	208
211	208
212	208
114	208
33	208
212	208
114	208
33	208
114	208
33	208
33	208
208	208
208	208
208	208
208	208
213	208
33	208
214	208
214	208
208	208
214	208
208	208
123	208
33	208
124	208
124	208
124	208
33	208
208	208
215	208
215	208
208	208
208	208
101	208
208	208
33	208
216	216
3	217
3	218
6	218
219	219
3	220
220	220
25	220
25	220
33	220
220	220
220	220
3	221
123	221
156	221
123	221
3	222
222	222
20	222
25	222
25	222
3	223
14	14
3	224
3	224
225	225
123	225
156	225
3	226
3	226
3	227
3	228
3	38
3	38
229	229
3	229
229	229
229	229
152	152
3	152
152	152
39	152
152	152
39	152
3	230
3	231
232	232
232	232
232	232
3	233
123	233
156	233
123	233
1	70
3	70
70	70
4	70
70	70
70	70
123	70
234	234
3	235
236	236
123	236
156	236
237	237
3	238
13	238
13	238
13	238
123	238
156	238
123	238
3	163
1	163
163	163
3	163
25	163
23	163
53	163
25	163
57	163
163	163
20	163
25	163
163	163
25	163
20	163
20	163
25	163
25	163
25	163
163	163
163	163
25	163
20	163
78	163
78	163
114	163
114	163
4	163
163	163
4	163
30	163
31	163
32	163
239	163
20	163
163	163
25	163
33	163
33	163
163	163
33	163
114	163
33	163
33	163
33	163
163	163
33	163
33	163
163	163
33	163
33	163
33	163
17	163
123	163
33	163
33	163
3	20
20	20
39	20
16	20
240	20
240	20
16	20
8	20
8	20
20	20
20	20
241	20
241	20
241	20
241	20
241	20
241	20
241	20
16	20
16	20
19	20
3	20
3	20
20	20
3	20
25	20
25	20
242	20
20	20
3	20
242	20
3	20
1	20
17	20
3	20
3	20
3	20
23	20
17	20
20	20
16	20
3	20
25	20
23	20
23	20
163	20
3	20
4	20
3	20
25	20
4	20
20	20
4	20
20	20
66	20
57	20
66	20
39	20
243	20
243	20
20	20
20	20
63	20
25	20
25	20
17	20
244	20
25	20
25	20
25	20
25	20
20	20
20	20
20	20
20	20
69	20
245	20
78	20
25	20
17	20
69	20
69	20
78	20
78	20
246	20
20	20
25	20
244	20
78	20
78	20
33	20
20	20
33	20
20	20
20	20
20	20
31	20
32	20
33	20
20	20
33	20
33	20
33	20
33	20
33	20
20	20
33	20
33	20
20	20
33	20
20	20
33	20
20	20
33	20
33	20
25	20
247	20
248	20
248	20
86	20
89	20
248	20
94	20
249	20
94	20
114	20
114	20
114	20
33	20
33	20
33	20
250	20
250	20
17	20
250	20
250	20
33	20
251	20
250	20
20	20
33	20
101	20
20	20
20	20
33	20
19	20
25	20
20	20
20	20
25	20
123	20
3	252
4	252
15	15
3	15
3	15
3	15
13	15
13	15
15	15
15	15
47	15
253	253
254	254
3	43
20	43
43	43
43	43
43	43
158	43
158	43
43	43
43	43
43	43
158	43
158	43
53	43
43	43
19	43
43	43
43	43
33	43
33	43
15	15
3	255
153	153
16	256
123	256
156	256
123	256
257	257
257	257
123	257
156	257
123	257
3	258
123	258
156	258
123	258
3	259
3	260
260	260
3	261
261	261
3	262
123	262
156	262
123	262
3	263
3	66
154	66
154	66
154	66
154	66
19	66
244	66
244	66
66	66
264	66
66	66
20	66
20	66
25	66
23	66
23	66
265	66
265	66
20	66
3	66
20	66
266	66
20	66
114	66
114	66
3	66
267	66
66	66
267	66
66	66
66	66
267	66
63	66
66	66
66	66
114	66
66	66
53	66
76	66
76	66
3	66
76	66
76	66
66	66
53	66
66	66
114	66
114	66
76	66
76	66
78	66
78	66
78	66
78	66
78	66
25	66
25	66
25	66
71	66
78	66
25	66
25	66
30	66
25	66
268	66
33	66
20	66
264	66
66	66
33	66
114	66
33	66
66	66
33	66
66	66
94	66
114	66
33	66
33	66
31	66
32	66
269	66
66	66
66	66
66	66
33	66
209	66
270	66
33	66
33	66
33	66
66	66
33	66
114	66
33	66
33	66
66	66
33	66
3	66
33	66
142	66
33	66
271	66
272	66
25	66
247	66
273	66
273	66
66	66
66	66
66	66
66	66
66	66
274	66
66	66
274	66
274	66
66	66
25	66
264	66
66	66
86	66
33	66
89	66
25	66
66	66
25	66
66	66
89	66
66	66
89	66
25	66
3	66
66	66
3	66
90	66
66	66
25	66
90	66
90	66
90	66
275	66
25	66
275	66
275	66
33	66
33	66
89	66
34	66
114	66
116	66
276	66
20	240
20	240
1	17
20	17
20	17
158	17
3	17
104	17
242	17
3	17
20	17
3	17
3	17
23	17
20	17
20	17
20	17
53	17
53	17
3	17
25	17
54	17
25	17
25	17
55	17
3	17
114	17
25	17
25	17
25	17
25	17
25	17
25	17
25	17
25	17
277	17
25	17
20	17
25	17
25	17
278	17
17	17
11	17
20	17
25	17
25	17
25	17
25	17
25	17
25	17
114	17
20	17
25	17
25	17
78	17
78	17
20	17
25	17
25	17
25	17
20	17
30	17
25	17
279	17
25	17
78	17
25	17
17	17
280	17
31	17
144	17
33	17
209	17
209	17
33	17
33	17
25	17
142	17
142	17
25	17
25	17
85	17
281	17
25	17
86	17
89	17
89	17
25	17
89	17
89	17
33	17
96	17
96	17
96	17
89	17
33	17
17	17
282	17
283	17
17	17
283	17
33	17
17	17
33	17
17	17
33	17
89	17
17	17
33	17
17	17
33	17
17	17
33	17
284	17
17	17
33	17
17	17
33	17
33	17
3	17
33	17
33	17
33	17
17	17
114	17
33	17
33	17
17	17
101	17
285	17
285	17
17	17
285	17
33	17
33	17
17	17
114	17
17	17
114	17
114	17
17	17
33	17
17	17
33	17
17	17
33	17
17	17
33	17
17	17
17	17
286	17
286	17
33	17
287	17
17	17
287	17
33	17
25	17
17	17
33	17
33	17
17	17
33	17
33	17
33	17
33	17
17	17
25	17
33	17
214	17
17	17
214	17
33	17
33	17
33	17
17	17
33	17
33	17
288	17
287	17
33	17
17	17
17	17
17	17
123	17
289	17
290	17
276	17
276	17
33	17
33	17
3	291
123	291
156	291
123	291
3	292
3	293
294	294
123	294
156	294
3	295
3	295
123	295
156	295
123	295
3	44
3	296
296	296
3	297
123	297
156	297
123	297
46	46
46	46
3	46
46	46
3	46
46	46
4	46
16	298
123	298
156	298
123	298
3	299
3	300
3	301
123	301
156	301
123	301
3	302
123	302
156	302
123	302
3	303
303	303
3	304
304	304
3	304
53	304
16	305
123	305
156	305
123	305
16	306
3	307
3	45
20	45
3	308
123	308
156	308
123	308
16	309
25	309
123	309
156	309
123	309
16	154
66	154
66	154
66	154
25	154
25	154
14	154
123	154
156	154
123	154
310	310
3	310
16	311
3	312
3	312
123	312
156	312
123	312
3	313
3	314
3	315
3	63
20	63
3	63
3	63
20	63
20	63
3	63
63	63
244	63
63	63
20	63
20	63
3	63
66	63
135	63
30	63
31	63
32	63
33	63
25	63
86	63
89	63
123	63
165	63
3	316
316	316
3	317
123	317
156	317
123	317
8	318
318	318
3	319
3	320
3	321
123	321
156	321
123	321
3	322
3	323
39	323
16	324
25	324
25	324
63	324
25	324
324	324
25	324
20	324
324	324
324	324
135	324
324	324
324	324
324	324
85	324
324	324
66	324
324	324
89	324
89	324
247	324
247	324
247	324
247	324
114	324
324	324
89	324
325	324
324	324
325	324
325	324
325	324
325	324
325	324
324	324
324	324
33	324
16	326
3	47
47	47
47	47
47	47
47	47
4	47
53	47
3	50
123	50
156	50
123	50
327	327
3	327
3	328
3	329
3	330
3	330
3	331
48	48
3	48
20	48
123	48
156	48
123	48
8	332
3	333
333	333
333	333
8	333
333	333
20	333
333	333
25	333
25	333
333	333
25	333
25	333
333	333
209	333
209	333
209	333
209	333
209	333
333	333
209	333
33	333
3	334
334	334
16	158
3	335
3	336
66	336
66	336
3	337
3	338
3	339
16	241
20	241
20	241
20	241
133	241
20	241
114	241
33	241
340	241
49	341
341	341
49	341
49	341
123	341
156	341
123	341
341	49
341	49
341	49
3	49
123	49
156	49
123	49
342	342
16	343
3	344
123	344
156	344
123	344
3	345
123	345
156	345
123	345
3	346
346	346
347	347
232	347
3	348
123	348
156	348
123	348
3	349
3	350
123	350
156	350
123	350
3	351
33	351
33	351
3	352
19	19
123	19
3	353
3	354
354	354
355	355
3	355
3	76
25	76
25	76
76	76
4	76
4	76
76	76
76	76
76	76
4	76
76	76
76	76
25	76
76	76
25	76
76	76
76	76
114	76
76	76
76	76
76	76
76	76
66	76
76	76
66	76
76	76
66	76
25	76
25	76
66	76
66	76
66	76
76	76
4	76
3	76
4	76
356	76
3	104
25	104
25	104
17	104
104	104
241	104
357	104
20	104
20	104
104	104
20	104
20	104
131	104
20	104
104	104
114	104
104	104
242	104
114	104
104	104
114	104
17	104
165	104
3	358
3	359
33	359
33	359
114	359
359	359
114	359
33	359
33	359
33	359
33	359
359	359
33	359
359	359
359	359
33	359
359	359
359	359
359	359
359	359
114	359
101	359
114	359
359	359
33	359
359	359
114	359
33	359
33	359
359	359
359	359
33	359
359	359
33	359
33	359
3	360
3	172
3	172
172	172
3	361
123	361
156	361
123	361
3	362
3	363
3	364
13	13
13	13
3	365
3	366
3	367
368	367
369	369
370	370
3	25
4	25
4	25
104	25
4	25
3	25
3	25
4	25
348	25
20	25
20	25
3	25
3	25
3	25
4	25
25	25
20	25
4	25
3	25
53	25
154	25
163	25
51	25
51	25
51	25
371	25
63	25
17	25
114	25
3	25
3	25
3	25
20	25
357	25
3	25
324	25
324	25
324	25
3	25
3	25
264	25
222	25
53	25
25	25
4	25
25	25
3	25
372	25
372	25
25	25
372	25
372	25
17	25
17	25
373	25
3	25
25	25
20	25
374	25
374	25
3	25
59	25
25	25
375	25
375	25
66	25
23	25
23	25
23	25
23	25
17	25
264	25
264	25
25	25
243	25
243	25
243	25
243	25
66	25
20	25
264	25
114	25
264	25
64	25
64	25
64	25
20	25
220	25
4	25
4	25
3	25
4	25
324	25
104	25
104	25
104	25
104	25
376	25
376	25
25	25
114	25
114	25
114	25
244	25
4	25
17	25
20	25
3	25
20	25
20	25
114	25
377	25
3	25
3	25
244	25
264	25
25	25
378	25
163	25
379	25
379	25
379	25
379	25
379	25
379	25
4	25
4	25
76	25
4	25
53	25
53	25
3	25
3	25
25	25
3	25
380	25
73	25
73	25
25	25
25	25
114	25
76	25
17	25
114	25
25	25
381	25
20	25
25	25
78	25
20	25
25	25
78	25
3	25
25	25
382	25
382	25
382	25
25	25
25	25
382	25
25	25
25	25
382	25
382	25
25	25
25	25
25	25
382	25
382	25
382	25
382	25
382	25
382	25
382	25
382	25
382	25
382	25
25	25
78	25
25	25
78	25
25	25
78	25
78	25
25	25
78	25
78	25
25	25
3	25
114	25
25	25
66	25
25	25
78	25
25	25
78	25
78	25
25	25
78	25
25	25
78	25
78	25
25	25
383	25
384	25
25	25
25	25
384	25
17	25
78	25
78	25
25	25
80	25
78	25
25	25
25	25
78	25
114	25
25	25
78	25
25	25
385	25
25	25
78	25
25	25
78	25
78	25
386	25
25	25
25	25
386	25
78	25
33	25
25	25
209	25
25	25
25	25
20	25
25	25
20	25
25	25
20	25
135	25
33	25
25	25
66	25
25	25
30	25
380	25
25	25
25	25
25	25
78	25
114	25
25	25
114	25
25	25
25	25
114	25
4	25
3	25
25	25
244	25
209	25
209	25
209	25
25	25
25	25
78	25
209	25
209	25
209	25
25	25
25	25
25	25
78	25
25	25
78	25
25	25
3	25
25	25
78	25
78	25
25	25
25	25
78	25
78	25
69	25
25	25
69	25
25	25
69	25
17	25
25	25
17	25
33	25
69	25
69	25
33	25
94	25
209	25
25	25
209	25
33	25
25	25
69	25
25	25
69	25
209	25
25	25
209	25
25	25
209	25
25	25
25	25
25	25
69	25
25	25
25	25
25	25
33	25
25	25
25	25
209	25
25	25
209	25
69	25
69	25
69	25
94	25
25	25
33	25
25	25
33	25
25	25
33	25
25	25
209	25
25	25
25	25
33	25
25	25
25	25
33	25
25	25
25	25
33	25
209	25
25	25
387	25
144	25
114	25
25	25
388	25
25	25
389	25
25	25
25	25
388	25
25	25
388	25
25	25
25	25
25	25
89	25
89	25
4	25
25	25
4	25
390	25
25	25
3	25
4	25
25	25
25	25
391	25
25	25
4	25
25	25
33	25
33	25
33	25
33	25
33	25
33	25
25	25
25	25
4	25
390	25
25	25
25	25
66	25
33	25
33	25
25	25
392	25
392	25
17	25
25	25
25	25
393	25
25	25
393	25
25	25
393	25
25	25
393	25
25	25
394	25
25	25
142	25
25	25
25	25
25	25
142	25
3	25
25	25
135	25
25	25
274	25
25	25
395	25
25	25
395	25
25	25
395	25
25	25
3	25
25	25
380	25
85	25
25	25
25	25
85	25
85	25
25	25
85	25
25	25
85	25
25	25
25	25
142	25
142	25
25	25
25	25
25	25
142	25
25	25
142	25
142	25
89	25
25	25
89	25
89	25
89	25
25	25
25	25
89	25
394	25
25	25
25	25
25	25
25	25
380	25
380	25
85	25
25	25
25	25
85	25
380	25
380	25
380	25
25	25
396	25
25	25
85	25
25	25
85	25
247	25
25	25
25	25
247	25
247	25
247	25
25	25
247	25
247	25
247	25
25	25
25	25
247	25
247	25
324	25
25	25
324	25
324	25
247	25
25	25
247	25
247	25
397	25
25	25
393	25
25	25
3	25
25	25
398	25
25	25
398	25
25	25
399	25
25	25
25	25
399	25
25	25
25	25
25	25
25	25
25	25
25	25
25	25
25	25
398	25
25	25
398	25
398	25
400	25
25	25
400	25
25	25
25	25
400	25
25	25
25	25
400	25
25	25
400	25
25	25
400	25
3	25
25	25
25	25
89	25
89	25
114	25
25	25
25	25
25	25
86	25
86	25
25	25
25	25
86	25
25	25
25	25
86	25
25	25
25	25
25	25
401	25
25	25
401	25
89	25
25	25
402	25
25	25
280	25
25	25
280	25
25	25
380	25
25	25
402	25
25	25
86	25
25	25
89	25
403	25
25	25
89	25
89	25
25	25
25	25
403	25
25	25
403	25
403	25
25	25
25	25
403	25
403	25
25	25
25	25
89	25
89	25
89	25
25	25
25	25
89	25
33	25
33	25
25	25
33	25
33	25
25	25
89	25
89	25
404	25
405	25
25	25
275	25
25	25
275	25
25	25
275	25
275	25
25	25
275	25
405	25
275	25
33	25
25	25
33	25
25	25
25	25
25	25
33	25
25	25
25	25
33	25
25	25
33	25
400	25
25	25
25	25
25	25
400	25
33	25
25	25
3	25
25	25
33	25
25	25
33	25
94	25
89	25
25	25
25	25
95	25
33	25
25	25
25	25
95	25
25	25
25	25
3	25
25	25
25	25
25	25
25	25
25	25
25	25
406	25
25	25
89	25
97	25
98	25
86	25
405	25
405	25
89	25
407	25
34	25
4	25
408	25
380	25
380	25
380	25
389	25
116	25
33	25
25	25
3	25
25	25
89	25
25	25
101	25
25	25
409	25
25	25
409	25
409	25
25	25
114	25
25	25
410	25
25	25
25	25
410	25
410	25
25	25
411	25
25	25
411	25
25	25
412	25
33	25
33	25
25	25
3	25
25	25
33	25
25	25
33	25
33	25
413	25
25	25
413	25
413	25
25	25
414	25
25	25
25	25
118	25
25	25
118	25
118	25
25	25
118	25
33	25
25	25
33	25
33	25
25	25
33	25
33	25
33	25
25	25
25	25
25	25
33	25
33	25
33	25
33	25
25	25
25	25
33	25
25	25
33	25
33	25
25	25
25	25
25	25
33	25
33	25
33	25
25	25
25	25
33	25
25	25
286	25
25	25
33	25
25	25
101	25
33	25
33	25
33	25
25	25
415	25
118	25
416	25
416	25
416	25
25	25
25	25
118	25
25	25
118	25
25	25
118	25
118	25
118	25
25	25
118	25
118	25
25	25
118	25
25	25
118	25
118	25
118	25
25	25
25	25
118	25
118	25
33	25
33	25
25	25
25	25
25	25
118	25
118	25
25	25
118	25
118	25
118	25
25	25
25	25
118	25
118	25
118	25
118	25
118	25
118	25
33	25
33	25
118	25
118	25
118	25
3	25
3	25
25	25
3	25
25	25
3	25
25	25
3	25
417	25
25	25
33	25
25	25
25	25
123	25
118	25
25	25
118	25
118	25
118	25
118	25
25	25
25	25
123	25
33	25
33	25
118	25
25	25
25	25
17	25
118	25
118	25
418	25
33	25
25	25
33	25
33	25
118	25
25	25
33	25
118	25
118	25
118	25
25	25
118	25
118	25
25	25
118	25
124	25
124	25
25	25
118	25
118	25
118	25
419	25
25	25
25	25
419	25
118	25
118	25
33	25
33	25
25	25
33	25
25	25
118	25
25	25
118	25
118	25
25	25
118	25
118	25
118	25
118	25
375	25
118	25
118	25
118	25
118	25
420	420
123	420
156	420
123	420
3	421
3	52
3	130
4	130
4	130
104	357
357	357
25	357
3	422
3	383
114	383
383	383
383	383
20	383
33	383
383	383
114	383
33	383
123	383
156	383
123	383
3	132
132	132
4	132
3	242
20	242
20	17
20	17
17	17
20	17
20	17
20	17
17	17
17	17
20	17
17	17
20	17
17	17
20	17
20	17
17	17
20	17
25	17
17	17
3	423
424	424
424	424
3	53
17	53
25	53
53	53
23	53
23	53
53	53
114	53
25	53
3	53
272	53
272	53
272	53
3	425
425	425
123	425
3	23
17	23
3	23
20	23
20	23
20	23
25	23
25	23
23	23
66	23
25	23
25	23
20	23
20	23
53	23
53	23
265	23
265	23
209	23
33	23
17	23
3	426
3	131
4	131
4	131
20	131
427	427
3	428
25	429
25	429
3	430
3	431
3	432
123	432
156	432
123	432
3	433
123	433
156	433
123	433
3	57
63	57
3	57
434	57
434	57
20	57
3	57
78	57
30	57
31	57
32	57
66	57
25	435
3	436
3	437
25	437
3	438
3	439
3	440
3	441
3	442
443	443
123	443
156	443
123	443
3	371
371	371
444	444
89	444
123	444
156	444
123	444
3	445
445	445
445	445
445	445
445	445
3	446
123	446
156	446
123	446
3	447
25	447
3	133
133	133
20	133
3	448
123	448
33	448
449	448
3	450
3	451
3	452
21	21
21	21
453	453
454	454
3	455
114	455
114	455
456	456
457	457
458	458
53	459
3	459
3	459
123	459
156	459
123	459
3	460
461	461
461	461
461	461
461	461
461	461
3	462
462	462
63	462
20	462
33	462
462	462
33	462
462	462
33	462
123	462
156	462
123	462
264	264
264	264
53	264
264	264
264	264
25	264
264	264
25	264
264	264
264	264
264	264
63	244
66	244
114	244
114	244
20	244
20	244
25	244
20	244
114	244
114	244
114	244
114	244
33	244
463	463
464	464
464	464
16	465
466	466
3	467
25	468
123	468
156	468
123	468
3	469
123	469
156	469
123	469
25	372
25	372
25	372
25	372
3	470
123	470
156	470
123	470
25	373
123	373
156	373
123	373
25	471
3	472
25	472
472	472
101	472
101	472
3	473
58	58
3	56
3	56
3	56
3	474
475	475
475	475
53	53
53	53
17	53
3	374
374	374
27	476
3	477
477	477
477	477
25	478
123	478
156	478
123	478
479	479
33	479
479	479
479	479
59	59
3	59
3	59
114	59
59	59
3	480
480	480
480	480
481	481
66	481
25	375
375	375
25	375
25	375
375	375
33	375
33	375
101	375
101	375
375	375
3	482
65	65
60	60
3	60
60	60
137	60
60	483
3	134
25	134
4	134
4	134
25	134
3	484
3	485
277	277
277	277
17	277
17	277
3	61
3	61
486	486
25	243
25	243
25	243
20	243
20	243
20	20
20	20
20	20
20	20
17	20
487	487
487	487
487	487
114	487
114	487
114	487
114	487
114	487
25	487
3	251
33	251
25	488
25	488
3	386
33	386
33	386
386	386
33	386
33	386
33	386
25	64
64	64
25	64
64	64
25	64
3	64
64	64
3	64
64	64
25	64
64	64
25	64
64	64
114	64
64	64
17	64
16	489
16	489
16	489
16	489
16	489
16	489
16	489
490	490
490	490
114	490
114	490
114	490
20	17
25	17
25	17
17	17
17	17
20	17
17	17
25	17
17	17
3	136
4	136
3	491
492	492
493	493
25	165
165	165
33	165
165	165
3	494
296	495
114	380
380	380
380	380
380	380
380	380
25	380
25	380
33	380
33	380
114	380
142	380
85	380
380	380
25	380
25	380
85	380
25	380
33	380
380	380
33	380
33	380
380	380
380	380
380	380
380	380
123	380
156	380
123	380
3	496
114	496
123	496
156	496
123	496
66	266
3	266
33	266
33	266
266	266
266	266
33	266
33	266
123	266
156	266
123	266
497	497
11	11
3	498
3	499
3	500
53	500
3	501
123	501
156	501
123	501
25	502
123	502
156	502
123	502
25	503
504	504
3	505
506	506
506	506
3	33
78	33
78	33
33	33
33	33
78	33
25	33
33	33
33	33
33	33
33	33
25	33
25	33
17	33
33	33
78	33
78	33
25	33
25	33
33	33
33	33
78	33
78	33
33	33
114	33
33	33
25	33
33	33
25	33
25	33
25	33
33	33
33	33
114	33
78	33
25	33
33	33
33	33
33	33
33	33
78	33
78	33
78	33
33	33
69	33
69	33
33	33
69	33
78	33
69	33
33	33
78	33
78	33
33	33
209	33
33	33
25	33
25	33
33	33
33	33
25	33
25	33
33	33
25	33
30	33
142	33
142	33
78	33
25	33
25	33
25	33
33	33
25	33
25	33
33	33
209	33
33	33
25	33
33	33
25	33
25	33
78	33
33	33
25	33
25	33
25	33
78	33
25	33
33	33
20	33
33	33
25	33
25	33
33	33
33	33
25	33
33	33
20	33
33	33
66	33
25	33
33	33
25	33
33	33
25	33
25	33
33	33
78	33
33	33
78	33
78	33
33	33
114	33
25	33
78	33
25	33
25	33
33	33
78	33
33	33
78	33
25	33
33	33
25	33
78	33
78	33
33	33
78	33
78	33
33	33
69	33
209	33
25	33
33	33
25	33
25	33
33	33
25	33
25	33
33	33
25	33
25	33
33	33
114	33
33	33
25	33
25	33
33	33
507	33
507	33
507	33
114	33
33	33
33	33
66	33
33	33
33	33
114	33
114	33
33	33
33	33
141	33
33	33
66	33
33	33
20	33
33	33
31	33
32	33
508	33
508	33
25	33
25	33
25	33
25	33
33	33
25	33
25	33
33	33
33	33
25	33
33	33
25	33
25	33
25	33
33	33
25	33
209	33
33	33
209	33
33	33
25	33
25	33
30	33
25	33
33	33
209	33
209	33
209	33
209	33
33	33
33	33
209	33
209	33
33	33
209	33
25	33
33	33
25	33
25	33
33	33
388	33
388	33
114	33
33	33
33	33
388	33
388	33
33	33
388	33
114	33
25	33
33	33
509	33
209	33
33	33
17	33
33	33
17	33
17	33
33	33
17	33
33	33
17	33
17	33
510	33
33	33
66	33
25	33
33	33
25	33
33	33
142	33
25	33
33	33
33	33
3	33
3	33
407	33
407	33
407	33
33	33
511	33
511	33
89	33
512	33
512	33
111	33
272	33
111	33
272	33
33	33
272	33
33	33
272	33
85	33
33	33
85	33
85	33
85	33
33	33
33	33
85	33
85	33
85	33
33	33
85	33
85	33
25	33
325	33
325	33
25	33
25	33
33	33
89	33
86	33
114	33
25	33
25	33
86	33
33	33
33	33
33	33
33	33
86	33
89	33
33	33
33	33
33	33
33	33
89	33
33	33
33	33
33	33
89	33
89	33
89	33
33	33
33	33
89	33
89	33
25	33
33	33
25	33
25	33
33	33
33	33
25	33
89	33
89	33
513	33
513	33
33	33
513	33
33	33
25	33
25	33
33	33
25	33
88	33
89	33
403	33
33	33
25	33
33	33
25	33
114	33
33	33
25	33
25	33
25	33
33	33
25	33
33	33
25	33
33	33
25	33
25	33
33	33
33	33
25	33
33	33
25	33
33	33
25	33
25	33
209	33
209	33
33	33
89	33
33	33
33	33
33	33
33	33
89	33
33	33
89	33
33	33
33	33
89	33
33	33
89	33
33	33
89	33
275	33
33	33
275	33
25	33
95	33
89	33
89	33
95	33
25	33
89	33
89	33
33	33
33	33
33	33
95	33
25	33
33	33
33	33
25	33
25	33
95	33
33	33
25	33
25	33
33	33
25	33
25	33
33	33
33	33
33	33
380	33
33	33
25	33
89	33
33	33
89	33
33	33
33	33
33	33
33	33
514	33
33	33
33	33
514	33
514	33
514	33
515	33
33	33
515	33
33	33
33	33
33	33
515	33
33	33
33	33
33	33
515	33
3	33
33	33
3	33
33	33
97	33
98	33
96	33
96	33
33	33
96	33
100	33
33	33
100	33
96	33
96	33
33	33
100	33
100	33
100	33
33	33
33	33
266	33
266	33
33	33
266	33
33	33
514	33
514	33
514	33
514	33
514	33
514	33
33	33
94	33
89	33
33	33
33	33
33	33
283	33
283	33
283	33
283	33
283	33
283	33
33	33
386	33
33	33
89	33
33	33
89	33
33	33
241	33
33	33
516	33
33	33
516	33
33	33
517	33
33	33
517	33
517	33
517	33
33	33
517	33
33	33
517	33
33	33
89	33
33	33
89	33
517	33
518	33
518	33
519	33
114	33
33	33
33	33
33	33
33	33
89	33
33	33
33	33
164	33
164	33
164	33
33	33
520	33
521	33
33	33
521	33
164	33
33	33
33	33
33	33
521	33
521	33
33	33
3	33
3	33
89	33
521	33
33	33
521	33
518	33
518	33
33	33
114	33
522	33
33	33
33	33
39	33
33	33
522	33
33	33
33	33
33	33
522	33
522	33
39	33
522	33
522	33
522	33
522	33
522	33
523	33
33	33
17	33
33	33
33	33
112	33
112	33
524	33
522	33
514	33
514	33
33	33
33	33
525	33
33	33
526	33
518	33
518	33
526	33
89	33
33	33
527	33
528	33
114	33
113	33
33	33
33	33
3	33
114	33
3	33
33	33
20	33
33	33
3	33
20	33
3	33
33	33
285	33
285	33
285	33
211	33
211	33
211	33
33	33
211	33
33	33
17	33
33	33
14	33
33	33
211	33
211	33
33	33
211	33
33	33
17	33
33	33
33	33
33	33
20	33
20	33
33	33
33	33
211	33
211	33
33	33
211	33
20	33
33	33
20	33
114	33
114	33
114	33
211	33
211	33
33	33
33	33
33	33
33	33
211	33
211	33
33	33
33	33
33	33
211	33
33	33
33	33
33	33
39	33
33	33
211	33
285	33
114	33
529	33
114	33
33	33
530	33
33	33
530	33
530	33
33	33
3	33
3	33
211	33
33	33
33	33
531	33
3	33
33	33
3	33
532	33
532	33
532	33
532	33
532	33
532	33
533	33
33	33
534	33
286	33
286	33
286	33
213	33
287	33
114	33
33	33
114	33
114	33
114	33
114	33
33	33
33	33
114	33
114	33
20	33
286	33
33	33
535	33
535	33
114	33
17	33
33	33
33	33
114	33
33	33
250	33
250	33
3	33
287	33
287	33
287	33
250	33
116	33
3	33
33	33
536	33
537	33
537	33
250	33
114	33
114	33
114	33
33	33
250	33
520	33
250	33
25	33
25	33
285	33
538	33
250	33
250	33
33	33
33	33
164	33
117	33
25	33
250	33
33	33
33	33
33	33
33	33
17	33
33	33
25	33
114	33
20	33
117	33
33	33
117	33
33	33
117	33
33	33
117	33
117	33
33	33
117	33
33	33
33	33
287	33
287	33
33	33
214	33
214	33
114	33
33	33
214	33
33	33
114	33
33	33
114	33
539	33
124	33
124	33
33	33
33	33
117	33
540	33
114	33
114	33
33	33
94	33
33	33
540	33
541	33
542	33
33	33
25	33
33	33
542	33
33	33
33	33
25	33
286	33
25	33
33	33
25	33
33	33
25	33
3	33
118	33
118	33
118	33
118	33
33	33
33	33
33	33
33	33
33	33
33	33
118	33
33	33
124	33
543	33
124	33
416	33
118	33
118	33
25	33
118	33
118	33
118	33
33	33
33	33
33	33
25	33
416	33
416	33
416	33
416	33
25	33
33	33
25	33
25	33
33	33
33	33
118	33
33	33
118	33
118	33
118	33
118	33
33	33
33	33
118	33
118	33
118	33
118	33
118	33
118	33
118	33
118	33
118	33
118	33
118	33
118	33
118	33
118	33
118	33
124	33
124	33
114	33
114	33
118	33
118	33
118	33
544	33
3	33
33	33
541	33
541	33
33	33
545	33
33	33
118	33
118	33
118	33
118	33
118	33
118	33
118	33
118	33
33	33
118	33
546	33
118	33
413	33
118	33
356	33
118	33
118	33
121	33
121	33
121	33
3	33
33	33
3	33
33	33
121	33
33	33
121	33
547	33
118	33
214	33
33	33
548	33
33	33
118	33
33	33
547	33
3	33
33	33
118	33
33	33
549	33
214	33
214	33
214	33
33	33
550	33
547	33
118	33
547	33
118	33
3	33
33	33
33	33
551	33
33	33
551	33
33	33
552	33
33	33
33	33
25	33
553	33
25	33
33	33
33	33
123	33
118	33
118	33
33	33
118	33
33	33
118	33
553	33
553	33
553	33
553	33
553	33
553	33
33	33
123	33
554	33
118	33
118	33
118	33
118	33
118	33
33	33
118	33
3	33
554	33
3	33
3	33
118	33
33	33
33	33
118	33
118	33
33	33
418	33
555	33
101	33
118	33
33	33
554	33
118	33
118	33
118	33
124	33
124	33
124	33
33	33
33	33
124	33
33	33
33	33
124	33
124	33
124	33
33	33
556	33
33	33
33	33
33	33
556	33
556	33
124	33
124	33
33	33
124	33
33	33
33	33
124	33
33	33
214	33
214	33
214	33
33	33
33	33
214	33
33	33
214	33
214	33
214	33
214	33
33	33
208	33
118	33
118	33
25	33
33	33
33	33
25	33
3	33
33	33
3	33
33	33
557	33
557	33
557	33
557	33
557	33
557	33
557	33
557	33
557	33
33	33
25	33
33	33
33	33
118	33
118	33
558	33
118	33
118	33
553	33
101	33
33	33
33	33
559	33
33	33
559	33
559	33
33	33
559	33
33	33
559	33
33	33
33	33
33	33
124	33
462	33
462	33
462	33
462	33
33	33
560	33
33	33
124	33
33	33
25	33
25	33
33	33
25	33
25	33
33	33
33	33
33	33
25	33
33	33
25	33
33	33
118	33
124	33
124	33
124	33
33	33
118	33
118	33
126	33
126	33
33	33
126	33
118	33
118	33
214	33
118	33
552	33
552	33
118	33
118	33
101	33
101	33
208	33
208	33
33	33
215	33
33	33
127	33
33	33
118	33
118	33
118	33
101	33
561	33
33	33
118	33
118	33
118	33
118	33
101	33
33	33
118	33
118	33
118	33
3	562
3	563
3	564
123	564
156	564
123	564
565	565
565	565
565	565
565	565
25	566
123	566
156	566
123	566
567	567
567	567
567	567
78	567
3	568
114	568
569	569
3	569
570	570
3	571
33	571
123	571
156	571
123	571
572	572
3	67
67	67
32	32
272	32
32	32
25	573
123	573
156	573
123	573
3	574
25	574
114	574
4	574
25	574
135	574
4	574
135	574
94	574
575	575
137	137
137	137
3	576
20	576
3	68
3	68
68	68
25	378
25	577
3	72
72	72
3	72
3	578
3	69
20	69
20	69
209	69
33	69
209	69
209	69
209	69
209	69
209	69
25	69
69	69
209	69
209	69
25	69
69	69
69	69
33	69
25	69
25	69
69	69
31	69
32	69
94	69
387	69
579	69
387	69
579	69
387	69
579	69
142	69
114	69
580	69
25	69
85	69
69	69
83	69
83	69
69	69
86	69
69	69
89	69
69	69
89	69
123	69
581	581
123	581
3	582
379	379
379	379
25	379
25	379
379	379
575	583
66	584
3	584
585	585
586	586
414	586
71	71
3	71
71	71
71	71
3	71
71	71
25	71
33	71
33	71
587	71
71	587
587	587
25	587
588	587
587	587
53	589
123	589
156	589
123	589
3	590
123	590
156	590
123	590
3	591
123	591
156	591
123	591
3	209
114	209
114	209
114	209
78	209
114	209
114	209
33	209
78	209
78	209
135	209
33	209
135	209
33	209
33	209
33	209
78	209
78	209
78	209
114	209
209	209
78	209
209	209
209	209
94	209
78	209
78	209
78	209
25	209
33	209
209	209
78	209
209	209
78	209
33	209
209	209
78	209
78	209
33	209
78	209
69	209
33	209
78	209
33	209
69	209
69	209
69	209
69	209
209	209
209	209
209	209
592	209
209	209
25	209
209	209
33	209
33	209
209	209
33	209
114	209
209	209
31	209
32	209
69	209
69	209
209	209
69	209
209	209
32	209
593	209
32	209
209	209
32	209
209	209
33	209
25	209
25	209
25	209
25	209
209	209
209	209
33	209
33	209
25	209
25	209
25	209
209	209
25	209
333	209
333	209
333	209
33	209
209	209
33	209
94	209
209	209
33	209
94	209
209	209
209	209
25	209
209	209
33	209
33	209
33	209
209	209
209	209
33	209
33	209
209	209
33	209
209	209
209	209
33	209
33	209
114	209
209	209
33	209
209	209
209	209
209	209
209	209
33	209
33	209
209	209
33	209
209	209
33	209
94	209
209	209
209	209
94	209
33	209
209	209
209	209
33	209
209	209
33	209
390	209
209	209
114	209
209	209
114	209
17	209
33	209
209	209
33	209
78	209
17	209
209	209
272	209
594	209
272	209
272	209
272	209
209	209
272	209
209	209
209	209
209	209
272	209
94	209
272	209
209	209
272	209
272	209
272	209
272	209
272	209
272	209
25	209
247	209
247	209
247	209
209	209
325	209
94	209
209	209
209	209
209	209
209	209
209	209
33	209
89	209
33	209
249	209
95	209
249	209
249	209
33	209
33	209
33	209
100	209
33	209
33	209
209	209
100	209
33	209
340	209
89	209
123	209
165	209
53	595
596	596
123	596
156	596
123	596
114	597
25	597
25	597
114	597
597	597
25	597
597	597
597	597
89	597
89	597
25	597
94	597
94	597
114	597
114	597
597	597
78	78
78	78
25	78
20	78
25	78
78	78
78	78
78	78
78	78
598	78
599	78
20	78
78	78
600	78
600	78
114	78
78	78
78	78
78	78
139	78
108	78
78	78
108	78
20	78
78	78
78	78
78	78
25	78
25	78
25	78
20	78
25	78
78	78
25	78
20	78
78	78
20	78
78	78
78	78
25	78
78	78
209	78
30	78
78	78
3	78
33	78
3	78
78	78
25	78
209	78
209	78
78	78
20	78
94	78
20	78
114	78
114	78
209	78
78	78
33	78
114	78
3	78
33	78
33	78
33	78
601	78
209	78
209	78
78	78
209	78
209	78
209	78
25	78
78	78
114	78
114	78
3	78
33	78
31	78
32	78
78	78
78	78
25	78
78	78
25	78
25	78
25	78
94	78
78	78
78	78
78	78
407	78
78	78
602	78
78	78
602	78
209	78
209	78
397	78
3	78
78	78
603	603
603	603
604	604
3	605
3	606
340	606
3	607
3	608
123	608
156	608
123	608
609	609
609	609
3	610
25	73
3	73
3	74
33	74
611	611
3	612
3	613
3	614
3	615
616	616
616	616
3	617
3	618
114	619
3	620
621	621
123	621
156	621
123	621
3	622
3	622
623	623
624	624
135	624
17	94
78	94
25	94
25	94
78	94
25	94
114	94
114	94
94	94
209	94
94	94
268	94
78	94
78	94
33	94
25	94
94	94
114	94
66	94
94	94
94	94
33	94
33	94
508	94
33	94
31	94
32	94
209	94
33	94
94	94
209	94
209	94
209	94
94	94
209	94
209	94
94	94
625	94
209	94
94	94
25	94
94	94
393	94
94	94
94	94
94	94
4	94
94	94
399	94
94	94
399	94
4	94
512	94
512	94
512	94
78	94
626	94
144	94
397	94
627	94
112	94
628	94
94	94
629	94
630	94
94	94
66	94
66	94
272	94
272	94
94	94
272	94
272	94
272	94
94	94
33	94
631	94
69	94
89	94
25	94
85	94
89	94
89	94
114	94
396	94
25	94
632	94
120	94
247	94
247	94
325	94
66	94
94	94
94	94
94	94
94	94
94	94
94	94
94	94
397	94
633	94
633	94
144	94
17	94
94	94
94	94
25	94
94	94
86	94
25	94
89	94
275	94
14	94
14	94
14	94
94	94
634	94
33	94
33	94
33	94
634	94
634	94
94	94
33	94
14	94
20	94
94	94
20	94
94	94
100	94
89	94
89	94
89	94
94	94
89	94
89	94
89	94
635	94
17	94
20	94
20	94
94	94
20	94
89	94
33	94
94	94
20	94
33	94
123	94
20	636
3	637
114	637
114	637
33	637
25	637
25	637
114	637
637	637
114	637
25	637
25	637
89	637
89	637
89	637
89	637
3	638
123	638
156	638
123	638
639	639
77	77
77	640
4	4
3	641
123	641
156	641
123	641
3	642
414	414
643	643
644	643
645	645
646	646
646	646
646	646
646	646
3	647
25	381
25	381
3	648
3	649
114	650
644	644
3	651
3	652
3	653
3	654
3	655
3	656
3	657
3	658
658	658
78	658
3	659
3	660
661	661
661	661
661	661
662	661
3	663
25	663
397	397
397	397
397	397
397	397
272	397
397	397
85	397
85	397
397	397
85	397
25	397
397	397
97	397
98	397
276	397
397	397
33	397
382	382
382	382
114	382
382	382
78	382
382	382
382	382
382	382
382	382
78	382
114	382
382	382
382	382
25	382
382	382
25	382
25	382
382	382
382	382
142	382
25	25
25	25
17	25
126	25
664	664
101	664
78	389
25	389
25	389
78	389
25	389
25	389
3	3
17	3
3	665
78	666
78	666
3	667
668	668
114	669
114	669
25	670
3	671
671	671
671	671
78	671
3	672
673	673
3	673
78	674
675	674
598	598
3	676
78	677
114	677
25	677
25	677
25	677
677	677
678	677
678	677
677	677
677	677
677	677
25	677
20	677
20	677
20	677
33	677
677	677
114	677
114	677
677	677
677	677
384	384
78	384
25	384
25	384
114	384
114	384
679	679
3	680
3	681
677	682
20	682
20	682
20	682
25	682
33	682
33	682
682	682
33	682
33	682
25	682
682	682
114	682
33	682
683	682
33	682
683	682
33	682
33	682
286	682
684	684
138	138
685	685
123	685
156	685
123	685
520	520
285	285
285	285
33	285
33	285
285	285
33	285
285	285
33	285
33	285
33	285
285	285
285	285
33	285
33	285
686	686
3	686
686	686
686	686
78	687
66	688
123	688
156	688
123	688
3	689
33	690
691	691
692	692
264	693
694	693
4	695
78	696
33	697
78	698
78	699
78	700
123	700
156	700
3	701
20	702
78	702
78	702
702	702
33	702
114	702
114	702
114	702
703	704
703	704
704	704
3	705
3	706
706	706
3	707
78	708
708	708
709	709
3	710
711	711
711	711
123	711
156	711
123	711
108	108
712	712
25	712
712	712
713	712
25	712
712	712
114	712
712	712
135	712
279	279
78	279
279	279
17	279
78	714
25	715
716	716
78	717
123	717
156	717
123	717
4	718
718	718
78	718
718	718
719	718
25	718
3	718
25	718
579	718
4	720
720	720
25	720
720	720
721	720
3	722
114	723
3	724
78	725
78	725
123	725
156	725
123	725
726	726
3	727
727	727
475	728
3	729
78	730
730	730
3	731
732	732
733	733
733	733
114	733
33	733
25	734
735	735
736	736
736	736
25	736
736	736
736	736
736	736
736	736
736	736
3	737
737	737
3	737
737	737
25	737
30	30
30	30
30	30
3	738
3	739
739	739
33	739
739	739
33	739
33	739
86	739
33	739
33	739
33	739
740	740
741	741
135	741
78	742
114	743
744	744
3	745
746	746
3	747
123	747
3	748
25	749
750	750
25	726
25	726
3	751
3	752
3	753
3	754
3	755
3	756
33	756
33	756
3	757
3	758
3	759
3	760
3	761
762	762
3	763
33	507
507	507
3	764
3	765
3	766
3	767
123	767
156	767
123	767
3	768
3	769
3	770
3	771
3	772
3	773
3	774
3	775
25	776
777	777
777	777
114	778
778	778
778	778
209	778
209	778
114	778
114	778
778	778
114	778
779	779
78	779
25	780
25	780
33	780
33	780
89	388
3	82
3	781
114	782
114	782
3	135
114	135
135	135
135	135
135	135
135	135
135	135
114	135
135	135
114	135
135	135
25	135
135	135
63	135
135	135
63	135
104	135
104	135
104	135
135	135
135	135
136	135
114	135
135	135
114	135
135	135
25	135
3	135
114	135
135	135
63	135
623	135
76	135
597	135
597	135
597	135
135	135
135	135
597	135
25	135
135	135
574	135
135	135
135	135
78	135
114	135
135	135
30	135
25	135
135	135
25	135
25	135
20	135
135	135
20	135
25	135
25	135
25	135
78	135
135	135
114	135
78	135
31	135
32	135
25	135
135	135
25	135
135	135
25	135
25	135
135	135
25	135
33	135
33	135
25	135
25	135
135	135
25	135
142	135
135	135
17	135
17	135
78	135
78	135
135	135
55	135
17	135
135	135
272	135
135	135
272	135
783	135
380	135
380	135
380	135
25	135
784	135
135	135
784	135
55	135
135	135
785	135
785	135
135	135
85	135
85	135
85	135
247	135
247	135
273	135
135	135
273	135
89	135
786	135
100	135
33	135
114	135
89	135
135	135
89	135
135	135
89	135
135	135
135	135
114	135
135	135
33	135
89	135
787	135
285	135
33	135
33	135
33	135
135	135
114	135
33	135
33	135
135	135
286	135
286	135
33	135
33	135
123	135
33	135
788	135
78	789
78	790
209	791
25	142
114	142
25	142
25	142
33	33
33	33
3	792
3	793
3	794
209	795
209	796
209	796
209	797
209	797
209	798
209	798
209	799
209	799
209	800
209	800
209	592
209	105
105	105
33	105
105	105
209	801
209	802
209	803
33	804
33	804
25	805
3	806
3	807
33	807
33	807
33	807
89	807
89	807
3	808
809	809
69	810
123	810
156	810
123	810
94	811
3	812
340	812
69	813
123	813
156	813
123	813
209	508
508	508
94	508
94	508
114	508
69	508
508	508
114	508
66	269
69	814
25	814
25	814
3	815
816	816
209	817
69	818
3	819
820	819
209	821
822	822
94	823
3	824
825	825
825	825
826	826
826	826
25	526
33	526
114	526
33	526
33	526
114	526
114	526
114	526
3	827
3	828
25	828
3	829
3	830
25	831
33	89
25	89
33	89
89	89
25	89
25	89
25	89
25	89
25	89
89	89
89	89
25	89
85	89
89	89
85	89
89	89
94	89
94	89
89	89
89	89
89	89
89	89
89	89
94	89
89	89
89	89
89	89
89	89
25	89
25	89
85	89
89	89
25	89
89	89
324	89
324	89
25	89
89	89
324	89
324	89
324	89
89	89
25	89
89	89
89	89
33	89
89	89
86	89
25	89
89	89
89	89
89	89
89	89
25	89
33	89
89	89
25	89
25	89
832	89
89	89
832	89
832	89
89	89
89	89
89	89
33	89
89	89
89	89
33	89
89	89
89	89
33	89
89	89
25	89
89	89
25	89
89	89
25	89
25	89
89	89
89	89
89	89
25	89
89	89
25	89
89	89
25	89
25	89
25	89
89	89
33	89
89	89
89	89
89	89
33	89
89	89
89	89
17	89
17	89
25	89
25	89
89	89
25	89
89	89
89	89
25	89
89	89
275	89
89	89
25	89
89	89
89	89
89	89
89	89
89	89
89	89
89	89
89	89
33	89
33	89
89	89
33	89
89	89
33	89
33	89
89	89
33	89
89	89
33	89
33	89
33	89
89	89
33	89
89	89
20	89
89	89
89	89
89	89
33	89
20	89
25	89
25	89
89	89
89	89
89	89
25	89
33	89
89	89
4	89
89	89
25	89
25	89
89	89
25	89
89	89
25	89
89	89
25	89
25	89
25	89
89	89
89	89
89	89
89	89
25	89
89	89
89	89
33	89
89	89
89	89
89	89
95	89
89	89
89	89
513	89
89	89
33	89
33	89
89	89
33	89
89	89
89	89
33	89
89	89
33	89
33	89
89	89
25	89
89	89
89	89
25	89
89	89
25	89
89	89
33	89
33	89
634	89
100	89
89	89
100	89
100	89
100	89
100	89
89	89
282	89
282	89
89	89
282	89
282	89
89	89
282	89
114	89
89	89
517	89
517	89
89	89
833	89
833	89
89	89
33	89
33	89
89	89
89	89
33	89
33	89
33	89
89	89
33	89
89	89
89	89
89	89
33	89
33	89
89	89
89	89
94	89
89	89
89	89
284	89
33	89
89	89
33	89
89	89
33	89
834	89
834	89
114	89
89	89
834	89
114	89
89	89
834	89
17	89
89	89
33	89
17	89
89	89
33	89
109	89
33	89
89	89
33	89
89	89
33	89
33	89
89	89
33	89
114	89
89	89
33	89
89	89
33	89
33	89
89	89
89	89
33	89
89	89
114	89
89	89
89	89
89	89
33	89
33	89
89	89
89	89
33	89
89	89
89	89
33	89
89	89
114	89
114	89
33	89
89	89
33	89
33	89
33	89
89	89
33	89
89	89
33	89
33	89
89	89
89	89
33	89
89	89
33	89
33	89
33	89
89	89
33	89
33	89
20	89
20	89
33	89
89	89
33	89
33	89
33	89
89	89
33	89
89	89
33	89
33	89
33	89
89	89
33	89
89	89
33	89
89	89
33	89
33	89
89	89
33	89
214	89
114	89
89	89
114	89
214	89
214	89
89	89
214	89
33	89
89	89
214	89
33	89
33	89
89	89
89	89
123	89
418	89
163	835
33	556
94	556
114	556
114	556
114	556
33	556
556	556
33	556
114	556
101	556
556	556
33	556
3	83
3	83
25	593
593	593
33	836
3	721
387	721
579	721
25	837
33	837
3	838
94	839
3	840
3	841
3	842
3	843
3	844
3	845
3	846
25	847
25	848
33	848
25	784
33	784
114	784
85	784
784	784
85	784
784	784
85	784
784	784
85	784
94	784
784	784
89	784
784	784
89	784
403	784
403	784
283	784
784	784
114	784
209	849
209	849
209	209
209	209
3	850
850	850
850	850
3	851
123	851
156	851
123	851
3	579
387	579
579	579
25	852
25	853
853	853
3	854
25	855
123	855
156	855
123	855
25	856
25	857
25	25
4	25
17	25
3	625
625	625
3	858
3	859
33	860
25	861
123	861
156	861
123	861
25	862
25	863
3	864
864	864
25	865
33	865
25	866
33	866
25	867
33	868
209	869
123	869
156	869
123	869
870	870
871	871
135	871
3	872
873	873
3	874
3	875
25	876
25	788
3	877
3	878
3	879
3	880
820	880
3	881
123	881
156	881
123	881
209	882
209	882
3	883
33	883
94	883
3	884
4	884
33	885
209	390
25	390
25	390
25	390
69	390
25	390
69	390
33	390
33	390
33	390
33	390
123	390
3	886
3	887
871	888
3	889
890	890
25	391
25	891
3	892
4	892
85	892
3	893
25	894
33	895
33	896
3	897
25	898
898	898
33	898
898	898
25	393
25	393
3	899
3	900
33	901
25	902
902	902
25	902
25	903
209	407
17	407
17	407
33	407
33	407
114	407
407	407
78	407
407	407
114	407
78	407
78	407
407	407
407	407
114	407
407	407
407	407
25	407
407	407
78	407
407	407
17	407
407	407
275	407
275	407
407	407
17	407
275	407
407	407
275	407
407	407
275	407
17	407
17	407
407	407
89	407
89	407
33	407
33	407
3	84
84	84
33	84
94	84
94	84
84	84
84	84
3	904
3	905
3	906
902	907
908	908
25	909
25	910
33	910
33	910
910	910
25	911
94	912
3	913
94	914
915	915
3	916
25	917
3	918
25	919
920	920
94	921
114	922
94	923
25	513
33	513
513	513
33	513
33	513
513	513
33	513
3	513
513	513
33	513
513	513
513	513
33	513
33	513
33	513
513	513
513	513
33	513
33	513
33	513
33	513
513	513
513	513
286	513
286	513
286	513
94	924
94	924
3	925
925	925
926	926
25	274
25	274
25	274
274	274
209	274
25	274
25	274
274	274
274	274
25	274
25	274
274	274
25	274
25	274
274	274
25	274
274	274
274	274
274	274
3	927
928	928
3	929
930	930
25	931
602	932
25	933
94	934
94	935
25	936
123	936
156	936
123	936
25	937
123	937
156	937
123	937
938	938
25	939
25	594
25	594
25	594
78	594
594	594
78	594
78	594
594	594
78	594
85	594
25	594
594	594
3	940
3	941
69	942
943	943
3	944
94	945
94	946
945	946
945	946
945	946
94	947
94	512
78	512
78	512
78	512
512	512
78	512
512	512
78	512
78	512
78	512
4	512
948	949
948	949
3	950
209	950
94	951
94	951
123	951
156	951
123	951
25	395
952	952
3	953
3	954
282	282
282	282
25	282
209	282
282	282
89	282
282	282
89	282
25	955
25	956
25	957
958	958
25	958
25	959
25	960
961	961
3	961
209	517
33	517
101	517
89	517
89	517
3	962
3	963
594	963
3	964
3	965
33	517
33	517
33	517
33	517
3	966
966	966
3	967
69	580
69	580
114	968
114	968
3	969
969	969
3	398
398	398
398	398
3	970
970	970
971	971
94	972
66	272
272	272
66	272
272	272
272	272
272	272
94	272
209	272
594	272
209	272
114	272
272	272
209	272
209	272
272	272
272	272
272	272
94	272
272	272
272	272
111	272
272	272
973	272
272	272
66	272
135	272
272	272
33	272
272	272
272	272
272	272
272	272
272	272
3	55
272	974
94	974
974	974
33	974
33	974
272	975
3	976
3	977
3	978
3	979
3	980
3	981
3	982
3	983
3	984
94	984
985	984
3	986
3	987
3	988
3	85
85	85
25	85
25	85
89	85
85	85
89	85
3	85
85	85
397	85
85	85
85	85
4	85
33	85
123	85
156	85
123	85
3	989
989	989
397	990
3	144
3	991
123	991
3	992
3	993
114	993
85	994
25	995
995	995
25	996
996	996
25	997
97	997
98	997
25	998
3	999
25	1000
25	1001
25	1002
25	1003
25	1004
89	1004
85	1005
85	1005
25	1006
114	1007
85	1007
123	1007
156	1007
123	1007
25	1008
25	85
156	85
25	1009
3	1010
85	17
17	17
85	1011
1012	1012
3	1013
3	1014
3	1015
135	1016
3	1017
3	1018
85	1018
101	1018
3	1019
3	1020
25	1020
135	1021
25	1021
94	1022
94	1022
94	1023
25	1023
25	1023
25	1023
25	25
25	25
25	25
25	25
25	25
25	1024
1025	1025
3	1025
85	1025
3	1026
1027	1027
3	1028
114	1029
123	1029
156	1029
123	1029
1030	1030
25	1031
123	1031
156	1031
123	1031
3	1032
94	1033
114	1033
397	396
85	1034
25	1035
25	1035
1035	1035
1035	1035
25	1035
123	1035
156	1035
123	1035
25	1036
25	1037
25	1038
25	1038
85	1039
1039	1039
25	1040
475	1040
3	247
25	247
247	247
25	247
247	247
324	247
247	247
25	247
25	247
94	247
25	247
25	247
20	247
114	247
247	247
114	247
25	247
325	247
25	247
209	247
325	247
25	247
66	247
3	538
25	538
538	538
538	538
538	538
66	538
247	538
33	538
247	120
247	120
33	120
126	126
126	126
1041	1041
25	514
33	514
33	514
114	273
273	273
325	273
273	273
325	273
325	273
273	273
135	273
273	273
94	273
66	273
114	273
114	273
273	273
325	273
273	273
94	356
1042	1042
66	325
325	325
325	325
94	325
325	325
135	325
94	325
209	325
209	325
209	325
135	1043
135	340
25	340
33	340
25	340
25	340
25	340
340	340
25	340
25	340
33	340
209	209
94	1044
33	1044
89	1044
1045	1045
25	1045
25	1045
594	1045
66	1045
114	1045
114	1045
114	1045
1045	1045
1045	1045
1045	1045
25	1045
594	1045
25	1045
114	1045
114	1045
4	1045
25	1045
114	1045
4	1045
25	1045
25	1045
114	1045
4	1045
4	1045
25	1045
25	1045
25	1045
25	1045
4	1045
66	1046
25	1047
94	94
114	1048
25	1049
1049	1049
25	1050
1050	1050
475	1050
17	281
3	1051
94	1052
3	1053
1053	1053
3	1054
25	1055
1056	1056
3	1057
1058	1058
662	662
3	1059
25	1060
3	1061
1062	1063
3	1064
3	1065
1065	1065
3	1066
3	1067
3	1068
3	1069
3	1070
3	1071
25	1072
123	1072
25	1073
86	1073
89	1073
1073	1073
114	1073
25	1073
89	1073
89	1073
3	1074
3	1075
25	1076
25	1077
3	1078
3	1079
3	1080
25	1081
25	1082
3	1083
3	1084
25	1084
25	1085
94	1086
114	1086
114	1086
1086	1086
25	1087
25	1088
1089	1089
3	1090
25	1091
3	1092
25	1093
25	1094
1094	1094
3	1095
25	1096
25	1097
25	1098
33	1098
1098	1098
3	1099
1099	1099
25	1100
25	1101
94	1102
25	1103
3	1104
1105	1104
4	1106
3	1107
1107	1107
25	1108
3	1109
3	1110
25	1111
3	1112
3	1113
1113	1113
3	1114
3	1115
3	1116
89	1116
123	1116
156	1116
123	1116
1117	1117
3	1118
25	1119
25	786
25	1120
25	1121
25	1122
89	1123
86	86
86	86
89	86
33	86
86	86
25	86
25	1124
86	1125
89	1126
33	1126
89	1127
89	1128
25	1129
4	1129
4	1129
25	401
25	1130
475	1130
985	1130
89	1131
3	402
25	402
25	402
123	402
156	402
123	402
89	1132
3	1133
3	1134
123	1134
156	1134
123	1134
33	33
89	832
25	832
25	832
832	832
832	832
25	832
832	832
25	1135
1135	1135
1135	1135
94	1135
25	1135
25	1135
25	280
25	1136
3	1137
25	1138
123	1138
156	1138
123	1138
3	1139
3	1140
1140	1140
3	88
88	88
33	88
3	87
3	403
33	403
25	403
25	403
114	403
89	403
89	403
25	403
784	403
403	403
33	403
403	403
33	1141
123	1141
156	1141
123	1141
69	69
69	69
25	1142
25	1143
368	368
3	1144
3	1145
1146	1146
1147	1148
475	1148
1148	1148
1148	1148
1148	1148
66	66
146	146
4	146
146	146
146	146
146	146
4	146
25	834
89	834
89	834
89	834
89	834
89	834
89	834
89	834
89	834
3	1149
89	275
25	275
33	275
33	275
1150	275
1151	275
832	275
4	275
25	124
33	124
124	124
124	124
124	124
33	124
33	124
101	124
101	124
101	124
101	124
124	124
124	124
124	124
33	124
124	124
124	124
33	124
33	124
124	124
124	124
25	124
33	124
33	124
33	124
124	124
124	124
124	124
33	124
124	124
124	124
124	124
117	124
33	124
33	124
33	124
33	124
33	124
124	124
33	124
33	124
33	124
124	124
124	124
33	124
33	124
33	124
33	124
419	124
33	124
124	124
25	124
124	124
33	124
124	124
33	124
124	124
33	124
33	124
114	124
114	124
124	124
124	124
25	124
25	124
123	124
33	124
33	124
124	124
124	124
124	124
214	124
124	124
124	124
214	124
33	124
124	124
33	124
33	124
124	124
33	124
33	124
33	124
124	124
101	124
124	124
124	124
89	1152
1152	1152
89	1153
89	1154
94	1154
1154	1154
94	1154
89	1155
1156	1156
89	1157
3	1158
89	1158
25	1158
25	1158
1158	1158
17	1158
17	1158
1158	1158
17	1158
33	1158
1158	1158
1158	1158
1159	1159
25	1159
3	1160
3	1161
3	1162
3	1163
3	1164
89	1164
275	94
94	94
25	1165
94	1166
25	1167
25	1168
3	1169
25	547
3	547
33	547
89	1170
89	1170
1171	1171
3	1172
1105	1172
89	1173
123	1173
156	1173
123	1173
25	1174
1175	1175
3	1175
3	90
25	90
90	90
33	90
25	90
25	90
25	90
25	90
90	90
33	90
90	90
90	90
275	90
90	90
275	90
275	90
90	90
94	90
3	91
3	404
25	405
25	405
405	405
556	405
405	405
33	405
33	405
405	405
25	1176
3	1177
25	1177
123	1177
156	1177
123	1177
25	1178
33	1179
275	1180
275	1180
1148	1181
1182	1182
3	1151
3	92
92	92
3	1183
3	1184
3	1185
3	1186
25	1187
1187	1187
25	95
89	95
25	95
89	95
3	1188
3	1189
3	400
3	1190
33	1190
25	1191
3	1192
3	239
1193	1193
3	1193
1194	1194
89	1194
1194	1194
89	1195
89	1195
123	1195
156	1195
123	1195
1196	1196
3	1197
1197	1197
3	93
95	93
95	93
25	93
94	93
89	93
25	93
25	93
3	1198
1198	1198
25	1199
1199	1199
25	1199
1199	1199
25	1199
1199	1199
820	1199
25	1200
25	1201
89	1201
89	1201
89	1201
89	1201
25	1202
89	1203
123	1203
156	1203
123	1203
89	1204
89	1204
25	1205
672	1206
25	1207
3	1208
3	1209
3	1210
3	1211
975	1212
25	1213
25	1213
1213	1213
25	1213
1213	1213
25	1214
3	1215
25	1216
3	1217
3	1218
94	1219
123	1219
156	1219
123	1219
3	1220
94	1220
3	1221
3	1222
94	1222
89	1223
89	1223
3	1224
89	1225
3	1226
25	1227
33	1228
3	1229
3	1230
3	1231
606	1232
3	1233
3	1234
25	1235
25	1236
25	1237
1238	1238
3	1239
89	1240
1240	1240
89	1240
25	1241
1241	1241
1241	1241
1241	1241
25	1241
25	1241
3	539
33	539
539	539
33	539
33	539
33	539
33	539
33	539
33	539
33	539
3	1242
3	1243
1244	1245
3	1246
3	1247
1248	1248
89	89
89	89
33	89
89	89
89	89
3	1249
114	1249
33	1249
1249	1249
1249	1249
114	1249
33	1249
33	1249
33	1249
101	1249
1249	1249
3	96
89	96
89	96
33	96
33	96
89	96
89	96
89	96
96	96
3	1250
25	1251
25	1252
25	25
25	25
25	25
25	25
25	25
25	1253
3	1254
25	406
406	406
25	406
406	406
25	1255
3	1256
3	1257
3	1258
114	1259
25	1259
25	1260
89	1260
3	1261
33	33
514	33
514	33
33	33
17	33
33	33
3	1262
1262	1262
1262	1262
1262	1262
1263	1263
94	1264
123	1264
156	1264
123	1264
3	1265
3	1266
3	1267
3	1268
3	552
123	552
33	552
3	1269
534	1269
3	1270
3	1271
3	1272
3	1273
3	119
119	119
3	119
3	1274
3	1275
3	1276
3	1277
3	1278
3	1279
33	1279
1279	1279
89	97
89	97
3	1280
604	1281
3	101
517	101
517	101
114	101
114	101
101	101
164	101
164	101
101	101
20	101
101	101
33	101
101	101
33	101
101	101
101	101
1282	101
33	101
101	101
33	101
33	101
101	101
165	101
124	101
101	101
124	101
33	101
33	101
1283	101
101	101
1284	1284
94	1285
123	1285
156	1285
123	1285
1286	1286
3	1287
3	1288
3	1289
3	1290
33	1291
1291	1291
33	1291
3	1292
3	1293
3	99
89	1294
3	1295
3	1296
534	1297
534	630
534	1298
534	1299
1299	1299
534	1300
534	1301
534	1302
534	1303
534	1304
123	1304
156	1304
123	1304
534	1305
534	1305
123	1305
156	1305
123	1305
534	1306
534	1307
534	1308
534	1309
534	1310
534	1311
534	1312
534	1313
534	1314
534	1315
534	1316
534	1317
534	1318
534	1319
534	1320
534	1321
534	1322
534	1323
534	1324
534	1325
534	1326
534	1327
534	1328
534	1329
534	1330
534	1331
534	1332
534	1333
534	1334
33	534
913	534
534	534
33	534
3	1335
3	100
33	100
33	100
89	100
100	100
100	100
100	100
89	100
100	100
33	100
33	100
3	100
100	100
17	100
100	100
94	100
101	100
33	100
164	100
33	100
287	100
3	1336
1336	1336
3	1337
3	1338
1339	1339
1339	1339
1339	1339
1339	1339
1339	1339
1339	1339
1339	1339
1339	1339
1339	1339
1339	1339
89	1339
89	1339
33	1339
286	1339
1340	1340
1341	1341
3	1342
1343	1343
3	1343
100	1343
89	634
3	1344
94	1345
123	1345
156	1345
123	1345
100	1105
33	1346
1346	1346
100	1347
123	1347
156	1347
123	1347
100	1348
100	1349
100	1350
89	1350
3	1351
3	1352
89	1353
3	1354
102	1355
102	102
102	102
102	102
3	1356
94	1357
3	1358
3	1359
100	1360
1360	1360
100	1360
3	1361
1361	1361
3	1362
100	1363
94	98
98	98
1364	98
1365	98
164	164
100	164
164	164
164	164
33	164
114	164
164	164
164	164
33	164
33	164
164	164
89	114
89	114
33	114
89	1260
89	637
89	25
89	807
89	17
89	834
89	407
89	96
96	96
89	66
89	1201
89	94
89	1366
3	1367
3	1368
94	1369
94	635
635	635
3	1370
94	1371
3	1372
3	1373
3	1374
3	1375
3	1376
89	1377
1377	1377
1377	1377
1377	1377
89	1377
475	1378
101	1378
89	1379
3	1380
123	1380
156	1380
123	1380
1381	1381
3	1382
3	1383
94	1384
114	1384
33	1384
33	1384
94	1385
89	1386
123	1386
156	1386
123	1386
89	1387
89	1387
89	283
33	283
283	283
283	283
283	283
89	283
283	283
283	283
283	283
114	283
283	283
89	283
283	283
89	283
33	283
286	283
33	1388
94	1389
33	1390
1390	1390
33	1390
33	1390
1390	1390
283	1391
283	1391
89	1392
3	1393
3	1394
3	1395
3	1396
123	1396
156	1396
123	1396
89	1397
89	1397
33	1397
33	1397
1397	1397
89	1397
1397	1397
89	1397
114	1397
1397	1397
33	1397
33	1397
1397	1397
89	1397
89	1397
1397	1397
33	1397
164	1397
164	1397
33	1397
1397	1397
33	1397
1397	1397
33	1397
33	1397
33	1397
33	1397
1397	1397
33	1397
33	1397
33	1397
33	1397
1397	1397
114	1397
1397	1397
33	1397
33	1397
1397	1397
114	1397
114	1397
114	1397
33	1397
1397	1397
33	1397
1397	1397
33	1397
17	1397
1397	1397
114	1397
286	1397
286	1397
286	1397
286	1397
114	1397
33	1397
1397	1397
89	1398
89	1399
89	1400
89	1401
1401	1401
69	1402
123	1402
156	1402
123	1402
89	1403
89	1403
89	1403
1404	1403
33	1403
3	1405
1406	1406
33	33
1407	33
17	1408
3	1409
114	1410
3	1411
3	1412
123	1412
156	1412
123	1412
89	1413
114	1413
3	1414
94	1415
1416	1416
33	1417
1417	1417
1417	1417
114	1417
1417	1417
3	1418
33	1419
1420	1420
1420	1421
3	1422
33	1422
475	1423
475	1423
475	1424
3	1425
126	1425
89	833
89	833
89	833
123	833
156	833
123	833
3	1426
33	1427
33	1427
33	1427
33	1427
33	1427
33	1427
3	1428
101	89
89	89
17	89
3	1429
1429	1429
1430	1430
1430	1430
1430	1430
3	554
1431	1431
3	1432
3	1433
89	1434
33	518
33	518
33	518
518	518
3	518
518	518
33	518
286	518
1435	518
1436	1437
3	1438
3	1439
3	1440
33	1440
33	1440
33	1440
1440	1440
1441	1442
1441	1441
3	1443
3	1444
114	1444
114	1444
114	1444
33	1444
1444	1444
3	1445
3	1446
3	1447
3	1448
1448	1448
3	1449
123	1449
156	1449
123	1449
1450	1451
33	114
33	114
89	1452
1452	1452
1452	1452
3	1453
33	1454
33	1454
94	1455
3	1456
3	1457
3	1458
89	1459
33	1460
33	1461
123	1461
156	1461
123	1461
105	1462
105	1462
105	1462
1450	1463
1131	1463
33	528
33	528
33	528
33	528
33	528
33	528
33	528
528	528
33	528
286	528
286	528
286	528
33	528
528	528
33	528
528	528
33	528
3	1464
3	1465
1156	109
33	33
587	33
587	33
3	106
106	106
33	408
3	1466
33	1467
1468	1468
1469	1469
1469	1469
475	1470
33	519
3	1471
521	521
521	1472
3	1473
3	107
107	107
33	1474
1475	1475
475	1476
33	1477
1477	1477
1477	1477
475	1478
475	1478
3	516
516	516
33	516
516	516
33	516
516	516
33	1479
1479	1479
1479	1479
1479	1479
1479	1479
1479	1479
1479	1479
1479	1479
33	1479
33	1479
1479	1479
1479	1479
1479	1479
1479	1479
33	1479
1479	1479
1479	1479
33	1479
1479	1479
33	1479
33	1479
33	1479
33	1479
33	1479
33	1479
1479	1479
1479	1479
1479	1479
1479	1479
1479	1479
33	1479
1479	1479
89	1479
1479	1479
33	1479
33	1479
1479	1479
33	1479
114	1479
286	1479
475	1480
17	17
17	17
17	17
17	17
89	1481
89	1482
3	1483
114	1484
33	1485
475	1486
475	1486
1105	1486
475	1486
3	1487
1488	1487
33	523
33	1489
3	1490
3	1491
3	1492
3	1493
3	1494
1495	1495
1495	1495
114	1496
114	1497
449	1497
89	89
89	89
527	527
33	527
33	527
33	527
527	527
286	527
286	527
1498	1498
3	1499
3	1500
3	1501
3	1502
33	1503
1503	1503
33	1504
3	1505
94	1506
1507	1507
33	1508
3	1509
33	1509
3	1510
20	114
33	114
33	114
20	114
33	114
475	148
3	1511
33	1512
33	1512
3	1513
3	1514
3	1515
3	1516
3	1517
1518	1518
135	1519
113	113
1520	1520
33	211
33	211
33	211
33	211
33	211
114	211
33	211
33	211
33	211
33	211
33	211
33	211
211	211
33	211
33	211
211	211
33	211
211	211
114	211
211	211
33	211
33	211
114	211
114	211
114	211
211	211
211	211
33	211
211	211
33	211
1521	211
211	211
211	211
211	211
1521	211
114	211
211	211
114	211
33	211
33	211
211	211
89	211
33	211
33	211
33	211
33	211
33	211
33	211
211	211
211	211
33	211
211	211
211	211
208	211
211	211
33	211
211	211
211	211
33	211
33	211
33	211
33	211
33	211
211	211
33	211
33	211
33	211
211	211
33	211
211	211
211	211
3	1522
3	1523
3	1524
17	17
114	17
17	17
33	17
1525	1525
33	1525
123	1525
1526	1526
1526	1527
1528	1528
1528	1528
1528	1528
33	1528
1528	1528
1528	1528
114	114
114	114
114	114
33	114
3	1529
25	1529
33	1530
1531	1532
17	1533
17	1533
3	1534
114	1534
114	1534
3	1535
3	1536
3	1537
33	33
588	33
33	1538
33	1539
114	1539
3	1540
17	1541
101	1541
3	1542
3	1543
1544	1544
3	1545
1545	1545
1545	1545
33	1545
1545	1545
1545	1545
101	1545
101	1545
1545	1545
1545	1545
1545	1545
1545	1545
101	1545
1545	1545
1545	1545
114	1545
1545	1545
114	1545
114	1545
1545	1545
33	1545
17	17
17	17
17	17
3	1546
3	1547
17	1548
3	1549
3	1550
1551	1551
1551	1551
114	530
33	530
33	530
33	530
114	530
114	530
114	530
114	530
3	1552
3	1553
3	1554
3	1554
33	1554
33	1555
33	1555
33	1556
33	1557
123	1557
156	1557
123	1557
94	1558
33	1559
1545	1545
1545	1545
1545	1545
1545	1545
1545	1545
1545	1545
1545	1545
1545	1545
1560	1560
1560	1561
3	531
33	531
531	531
531	531
33	531
531	531
531	531
33	531
531	531
33	531
531	531
33	531
531	531
531	531
531	531
531	531
531	531
531	531
531	531
33	531
531	531
531	531
17	1562
17	1562
3	1563
33	1563
33	1564
3	1565
3	1566
3	1567
33	532
33	532
33	532
33	532
3	1568
3	1569
3	1570
1570	1571
3	1572
3	1573
533	533
33	533
114	533
114	533
114	533
533	533
533	533
114	533
533	533
114	533
33	1574
33	1574
3	1574
3	1575
3	1576
33	1577
114	1578
215	1578
3	1579
1450	1580
1450	1581
33	1582
33	1582
1582	1582
33	1582
1582	1582
1582	1582
1582	1582
33	287
33	287
287	287
3	1583
3	115
3	1584
3	1585
101	286
33	286
20	286
286	286
17	286
33	286
33	286
17	286
33	286
17	286
286	286
33	286
286	286
286	286
33	286
33	286
33	286
25	286
25	286
33	286
33	286
25	286
25	286
33	286
25	286
25	286
25	286
33	286
114	286
114	286
33	286
114	286
25	286
25	286
25	286
25	286
33	286
25	286
25	286
33	286
33	286
33	286
25	286
33	286
33	286
33	286
417	286
417	286
417	286
417	286
417	286
417	286
25	286
114	286
33	286
33	286
33	286
33	286
33	286
25	286
286	286
419	286
419	286
33	286
25	286
33	286
33	286
33	286
25	286
25	286
25	286
286	286
286	286
25	286
25	286
1262	1262
33	114
33	114
33	114
1586	1586
1586	1586
3	117
33	117
33	117
117	117
3	117
3	117
114	117
117	117
3	117
117	117
3	117
117	117
117	117
117	117
117	117
25	117
117	117
117	117
117	117
25	117
117	117
1587	117
117	117
33	117
33	117
33	117
33	117
33	117
117	117
117	117
117	117
33	117
33	117
117	117
117	117
117	117
117	117
33	117
117	117
25	117
117	117
117	117
117	117
117	117
117	117
117	117
33	117
117	117
117	117
33	117
33	117
117	117
33	117
117	117
33	117
33	117
33	117
117	117
117	117
117	117
33	117
117	117
165	117
33	117
117	117
33	117
117	117
117	117
114	114
33	114
114	114
33	114
3	1588
3	1589
114	1590
114	1590
114	1590
123	1590
156	1590
123	1590
1591	1592
1591	1591
3	1591
1591	1591
1593	1593
1593	1594
3	1595
33	1596
33	1596
1597	1597
1598	1598
3	1599
3	1600
3	114
1601	114
114	114
114	114
25	114
33	114
33	114
33	114
33	114
33	114
33	114
33	114
33	114
211	114
118	114
33	114
208	114
208	114
214	114
123	114
33	114
215	114
114	114
214	114
214	114
552	114
1578	114
215	114
1602	1603
33	1604
1604	1604
3	1605
33	1605
33	1605
33	1606
1607	1606
1608	1608
101	1609
3	1610
33	1611
3	1612
3	1613
33	1613
33	1613
33	1613
33	1613
1613	1613
33	1613
3	1614
3	1615
3	1616
3	537
1617	1617
3	1618
3	1619
3	1619
1619	1619
1619	1619
1619	1619
1619	1619
3	1620
114	1621
33	1621
33	1621
17	1621
33	1621
17	1621
33	1621
1621	1621
89	1621
17	1622
3	1623
25	1623
1624	1624
3	1625
25	1626
25	1626
3	1627
3	1628
409	409
25	409
409	409
409	409
25	1629
114	1629
1629	1629
1629	1629
1629	1629
89	1629
1528	1528
1528	1528
25	1587
286	1587
33	1587
286	1587
286	1587
33	1587
1587	1587
33	1587
1587	1587
25	1587
25	1587
1587	1587
33	1587
1587	1587
117	1587
25	1630
33	1630
25	1631
3	1632
3	1633
3	117
117	117
117	117
33	117
33	117
165	117
3	1634
1635	1635
475	1635
33	1636
25	1637
33	1638
33	1639
1639	1639
33	1640
3	1641
3	1642
33	1642
1642	1642
1642	1642
33	1642
1642	1642
25	413
548	413
548	413
33	413
3	1643
3	1644
25	1645
25	1645
3	1646
117	1647
117	1647
33	1647
117	117
587	117
165	117
587	117
3	1648
3	118
3	118
118	118
118	118
118	118
33	118
33	118
25	118
118	118
118	118
118	118
118	118
118	118
118	118
118	118
3	118
118	118
118	118
118	118
118	118
118	118
33	118
33	118
33	118
33	118
33	118
33	118
33	118
33	118
33	118
33	118
33	118
33	118
118	118
118	118
118	118
118	118
118	118
33	118
118	118
118	118
118	118
3	118
118	118
118	118
33	118
33	118
3	118
118	118
118	118
33	118
3	118
33	118
33	118
33	118
118	118
3	1649
33	1650
114	1249
25	1651
25	1651
1651	1651
3	1652
25	1653
33	1654
1654	1654
3	1655
33	1655
33	1655
33	1655
1656	1655
114	1655
1655	1655
1655	1655
1657	1655
25	1658
101	1659
25	1660
33	214
214	214
214	214
114	214
214	214
33	214
214	214
33	214
214	214
214	214
214	214
33	214
214	214
33	214
114	214
214	214
114	214
214	214
114	214
33	214
114	214
214	214
33	214
214	214
114	214
214	214
214	214
89	214
214	214
114	214
214	214
33	214
214	214
101	214
101	214
101	214
101	214
33	214
214	214
33	214
214	214
33	214
215	214
214	214
215	214
214	214
214	214
25	214
214	214
33	214
33	214
214	214
114	214
214	214
3	820
123	820
475	1661
3	1662
33	1663
475	1664
1664	1664
1664	1664
1664	1664
1664	1664
728	1664
148	1664
475	1664
3	1665
25	1666
1666	1666
33	1521
117	1667
117	1667
3	1668
1669	1669
25	1670
3	1671
33	541
541	541
541	541
541	541
114	541
541	541
114	541
541	541
541	541
541	541
541	541
541	541
541	541
541	541
541	541
541	541
541	541
541	541
541	541
541	541
33	541
33	541
33	541
541	541
541	541
541	541
541	541
541	541
33	541
541	541
541	541
33	541
33	541
541	541
33	541
541	541
541	541
33	541
33	541
541	541
541	541
541	541
33	541
541	541
541	541
541	541
33	541
541	541
33	541
541	541
561	541
33	541
33	417
417	417
25	1672
3	540
33	540
33	540
33	1673
3	127
123	127
156	127
123	127
33	127
33	127
214	127
1674	127
1674	127
1674	127
33	1675
3	1676
3	1677
33	1677
33	1678
3	1678
114	1678
3	1679
3	1680
33	542
33	542
1681	1681
3	1682
3	1683
3	1684
1684	1684
114	416
33	416
416	416
416	416
416	416
416	416
33	416
114	416
114	416
25	416
3	416
33	416
33	416
33	416
33	416
33	416
33	416
33	416
33	416
33	1685
3	1686
1687	1686
33	33
33	33
33	33
1674	1674
127	1674
1674	1674
127	1674
1688	1688
11	1688
1688	1688
114	340
114	340
33	340
33	340
25	340
25	340
33	114
114	114
114	114
1689	1689
25	1689
1690	1690
114	340
33	340
114	340
3	1691
3	1692
3	1693
3	1694
3	1695
118	118
118	118
3	1696
1696	1696
3	1697
3	1698
3	1699
33	210
3	1700
123	1700
156	1700
123	1700
1701	1701
3	1702
3	1703
114	1703
114	1703
33	1704
33	1705
1705	1705
1705	1705
3	1706
101	1701
33	1707
33	1708
33	1709
33	1710
114	1711
114	1711
1711	1711
1711	1711
114	1711
1711	1711
114	1711
1711	1711
3	1712
3	1713
33	544
33	1714
33	288
33	288
288	288
288	288
33	288
1715	1715
33	1716
1717	1716
1718	1716
33	1716
114	1716
94	1719
94	1720
33	1720
33	1720
33	1721
1722	1722
1722	1722
1617	1723
1723	1723
1617	1723
1617	1723
33	1723
33	1723
1723	1723
1723	1723
39	1723
1723	1723
33	1724
340	1725
3	121
121	121
121	121
121	121
3	121
121	121
121	121
3	121
121	121
33	121
121	121
121	121
121	121
3	121
33	121
3	121
121	121
121	121
3	121
33	121
33	121
121	121
121	121
121	121
121	121
121	121
121	121
121	121
3	121
3	121
123	121
1664	121
340	1726
340	1727
3	1728
33	1728
3	1729
3	1730
3	1731
33	1732
1733	1732
1733	1732
33	1732
33	1732
1732	1732
1732	1732
1732	1732
25	1732
25	1732
1732	1732
25	1732
557	1732
1733	1733
33	1733
33	1733
3	1734
3	1735
3	1736
1282	1282
101	1282
101	1282
101	1282
101	1737
413	548
33	548
413	548
548	548
413	548
413	548
413	548
413	548
3	1738
3	121
1664	121
3	1739
1621	1740
1621	1740
33	1740
33	1740
3	1740
3	1741
33	1741
3	1742
3	1743
3	1744
3	1745
3	1746
123	1746
156	1746
123	1746
3	1747
114	1747
33	1748
3	1749
123	1749
3	1750
33	1751
1752	1753
3	1753
3	1752
3	1754
3	1755
33	1755
3	1756
3	1757
3	1758
3	1759
1759	1759
3	1760
3	1761
1762	1761
33	1763
33	1764
1765	1765
1765	1765
33	1766
1766	1766
3	1767
33	1768
3	1768
3	1769
33	1770
3	1771
3	1772
121	121
1664	121
3	1773
289	289
1774	1774
33	1774
3	553
101	553
33	553
33	553
33	553
33	553
33	553
33	1775
3	1776
3	1777
33	551
33	551
33	1778
1778	1778
33	1778
1716	1779
1780	1779
33	1779
3	1779
1716	1781
1716	1781
1781	1781
33	1781
3	1781
1716	1780
1779	1780
1780	1780
33	1780
3	1780
1716	1782
1780	1782
33	1782
3	1782
1716	1717
33	1717
125	125
33	125
33	125
33	125
33	1718
33	1718
1783	1718
1718	1718
1783	1718
1718	1718
1718	1718
419	419
419	419
33	419
33	419
33	419
419	419
33	419
1784	1784
1784	1784
1784	1784
25	1785
3	1786
33	1787
101	1788
3	1789
3	1790
33	1791
3	1792
148	1792
3	1793
17	17
25	25
3	1794
1795	1795
3	1796
475	1797
1797	1797
33	1797
25	559
475	1798
1799	1798
25	33
728	1800
588	1800
475	1800
556	1801
33	1802
118	118
3	1803
3	1804
3	1805
3	1806
475	1807
3	1808
3	1809
3	1810
33	557
33	557
208	557
208	557
557	557
33	557
557	557
33	557
33	557
33	557
123	557
33	557
33	557
340	557
340	557
557	557
557	557
475	1811
3	1812
3	1813
3	1814
475	1815
3	1816
820	1816
3	1817
3	1817
557	1818
1819	1819
33	1820
33	1820
1820	1820
1820	1820
3	1821
33	1822
33	1822
118	118
33	118
33	1823
1824	1824
33	1825
33	549
549	549
475	1826
33	276
276	276
33	276
1783	1827
3	1828
33	1828
1828	1828
33	1829
114	1829
1829	1829
114	1829
1829	1829
3	1830
3	215
114	215
215	215
33	215
33	215
114	215
215	215
1578	215
215	215
215	215
1578	215
1578	215
215	215
1578	215
215	215
215	215
1578	215
215	215
1578	215
1578	215
215	215
1578	215
1578	215
215	215
1578	215
1578	215
1578	215
33	290
123	1831
123	1832
1833	1832
123	1834
123	1835
123	1836
123	1837
123	1838
123	1839
123	1840
123	1841
33	559
1842	1843
1842	1843
559	559
559	559
559	559
475	1844
475	1845
126	1845
3	1846
475	1847
33	1848
3	1849
33	561
33	561
561	561
33	560
33	1850
33	1851
33	1852
33	1853
33	1853
1853	1853
33	1853
101	1854
101	1854
114	1854
114	1854
3	1854
101	1855
123	1856
156	1856
123	1856
123	1857
156	1857
123	1857
123	1858
156	1858
123	1858
123	1859
156	1859
123	1859
123	1860
123	1861
156	1861
123	1861
123	1862
156	1862
123	1862
123	675
156	675
123	675
123	1863
156	1863
123	1863
123	1864
156	1864
123	1864
123	1865
156	1865
123	1865
123	1866
156	1866
123	1866
123	1867
123	1868
156	1868
123	1868
123	1869
156	1869
123	1869
123	1870
156	1870
123	1870
123	1871
156	1871
123	1871
123	1872
126	1872
123	1873
156	1873
123	1873
123	1874
156	1874
123	1874
123	1875
156	1875
123	1875
123	1876
156	1876
123	1876
123	1877
156	1877
123	1877
123	1878
156	1878
123	1878
123	1879
156	1879
123	1879
123	1880
156	1880
123	1880
123	1881
156	1881
123	1881
123	1882
156	1882
123	1882
123	1883
156	1883
123	1883
123	1884
156	1884
123	1884
123	1885
123	1886
156	1886
123	1886
123	1887
156	1887
123	1887
123	1888
156	1888
123	1888
123	1889
156	1889
123	1889
123	1890
156	1890
123	1890
123	1891
156	1891
123	1891
123	1892
156	1892
123	1892
123	1893
156	1893
123	1893
123	1894
156	1894
123	1894
123	1895
156	1895
123	1895
123	1896
156	1896
123	1896
123	1897
156	1897
123	1897
123	1898
156	1898
123	1898
123	1899
156	1899
123	1899
123	1900
156	1900
123	1900
123	1901
156	1901
123	1901
123	1902
156	1902
123	1902
123	1903
156	1903
123	1903
123	1904
156	1904
123	1904
123	1905
156	1905
123	1905
123	1906
123	1907
156	1907
123	1907
123	1908
156	1908
123	1908
123	1909
156	1909
123	1909
123	626
156	626
123	626
123	1910
156	1910
123	1910
123	1911
156	1911
123	1911
123	1912
156	1912
123	1912
123	1913
156	1913
123	1913
123	1914
156	1914
123	1914
123	1915
156	1915
123	1915
123	1916
156	1916
123	1916
123	1917
156	1917
123	1917
123	1918
156	1918
123	1918
123	1919
156	1919
123	1919
123	1920
156	1920
123	1920
123	1921
156	1921
123	1921
123	1922
156	1922
123	1922
123	1923
156	1923
123	1923
123	1924
156	1924
123	1924
123	1925
156	1925
123	1925
123	1926
156	1926
123	1926
123	1927
156	1927
123	1927
123	1928
156	1928
123	1928
123	1929
156	1929
123	1929
123	1930
156	1930
123	1930
123	1931
156	1931
123	1931
123	1932
156	1932
123	1932
123	1933
156	1933
123	1933
123	1934
156	1934
123	1934
123	1935
156	1935
123	1935
123	1936
156	1936
123	1936
123	1937
156	1937
123	1937
123	1938
156	1938
123	1938
123	1939
156	1939
123	1939
123	1940
156	1940
123	1940
123	1941
156	1941
123	1941
123	1942
156	1942
123	1942
123	1943
156	1943
123	1943
123	1944
156	1944
123	1944
123	1945
156	1945
123	1945
123	1946
156	1946
123	1946
123	1947
156	1947
123	1947
123	1948
156	1948
123	1948
123	1949
156	1949
123	1949
123	1950
156	1950
123	1950
123	1951
156	1951
123	1951
123	1952
156	1952
123	1952
123	1953
156	1953
123	1953
123	1954
156	1954
123	1954
123	1955
156	1955
123	1955
123	1956
156	1956
123	1956
123	1957
156	1957
123	1957
123	1958
156	1958
123	1958
123	1959
156	1959
123	1959
123	1960
156	1960
123	1960
123	1961
156	1961
123	1961
123	1962
156	1962
123	1962
123	1963
156	1963
123	1963
123	1964
156	1964
123	1964
123	1965
156	1965
123	1965
123	1966
156	1966
123	1966
123	1967
156	1967
123	1967
123	1968
156	1968
123	1968
123	1969
156	1969
123	1969
123	1970
156	1970
123	1970
123	1971
156	1971
123	1971
123	1972
156	1972
123	1972
123	1973
156	1973
123	1973
123	1974
156	1974
123	1974
123	1975
156	1975
123	1975
123	1976
156	1976
123	1976
123	1977
156	1977
123	1977
123	1978
156	1978
123	1978
123	1979
156	1979
123	1979
123	1980
156	1980
123	1980
123	1981
156	1981
123	1981
123	1982
156	1982
123	1982
123	1983
156	1983
123	1983
123	1984
156	1984
123	1984
123	1985
156	1985
123	1985
123	1986
156	1986
123	1986
123	1987
156	1987
123	1987
123	1988
156	1988
123	1988
123	1989
156	1989
123	1989
123	1990
156	1990
123	1990
123	1991
156	1991
123	1991
123	1992
156	1992
123	1992
123	1993
156	1993
123	1993
123	1994
156	1994
123	1994
123	1995
156	1995
123	1995
123	1996
156	1996
123	1996
123	1997
156	1997
123	1997
123	1998
156	1998
123	1998
123	1999
156	1999
123	1999
123	2000
156	2000
123	2000
123	2001
156	2001
123	2001
123	2002
156	2002
123	2002
123	2003
156	2003
123	2003
123	2004
156	2004
123	2004
123	2005
156	2005
123	2005
123	2006
156	2006
123	2006
123	2007
156	2007
123	2007
123	2008
156	2008
123	2008
123	2009
156	2009
123	2009
123	2010
156	2010
123	2010
123	2011
156	2011
123	2011
123	2012
156	2012
123	2012
123	633
156	633
123	633
123	2013
156	2013
123	2013
123	2014
156	2014
123	2014
123	2015
156	2015
123	2015
123	2016
156	2016
123	2016
123	24
156	24
123	24
123	2017
156	2017
123	2017
123	2018
156	2018
123	2018
123	2019
156	2019
123	2019
123	2020
156	2020
123	2020
123	2021
156	2021
123	2021
123	12
156	12
123	12
123	2022
156	2022
123	2022
123	2023
156	2023
123	2023
123	2024
156	2024
123	2024
123	2025
156	2025
123	2025
123	2026
156	2026
123	2026
123	2027
123	28
156	28
123	28
123	2028
123	2029
156	2029
123	2029
123	26
156	26
123	26
123	29
156	29
123	29
123	2030
156	2030
123	2030
123	2031
156	2031
123	2031
123	22
156	22
123	22
123	2032
156	2032
123	2032
123	2033
156	2033
123	2033
123	2034
156	2034
123	2034
123	2035
156	2035
123	2035
123	2036
156	2036
123	2036
123	2037
156	2037
123	2037
123	2038
123	2039
156	2039
123	2039
123	2040
156	2040
123	2040
123	2041
156	2041
123	2041
123	2042
156	2042
123	2042
123	265
156	265
123	265
123	2043
156	2043
123	2043
123	2044
156	2044
123	2044
123	2045
156	2045
123	2045
123	2046
156	2046
123	2046
123	2047
156	2047
123	2047
123	2048
156	2048
123	2048
123	2049
156	2049
123	2049
123	2050
156	2050
123	2050
123	2051
156	2051
123	2051
123	2052
156	2052
123	2052
123	2053
156	2053
123	2053
123	2054
156	2054
123	2054
123	2055
156	2055
123	2055
123	2056
156	2056
123	2056
123	2057
156	2057
123	2057
123	2058
156	2058
123	2058
123	2059
156	2059
123	2059
123	2060
156	2060
123	2060
123	2061
156	2061
123	2061
123	2062
156	2062
123	2062
123	2063
156	2063
123	2063
123	2064
156	2064
123	2064
123	2065
156	2065
123	2065
123	2066
156	2066
123	2066
123	2067
156	2067
123	2067
123	2068
156	2068
123	2068
123	2069
156	2069
123	2069
123	2070
123	2071
156	2071
123	2071
123	2072
156	2072
123	2072
123	2073
156	2073
123	2073
123	2074
156	2074
123	2074
123	2075
156	2075
123	2075
123	2076
156	2076
123	2076
123	2077
156	2077
123	2077
123	2078
156	2078
123	2078
123	2079
156	2079
123	2079
123	2080
156	2080
123	2080
123	2081
156	2081
123	2081
123	2082
156	2082
123	2082
123	2083
156	2083
123	2083
123	2084
156	2084
123	2084
123	2085
156	2085
123	2085
123	2086
156	2086
123	2086
123	2087
156	2087
123	2087
123	2088
156	2088
123	2088
123	2089
156	2089
123	2089
123	2090
156	2090
123	2090
123	2091
156	2091
123	2091
123	10
156	10
123	10
123	2092
156	2092
123	2092
123	2093
156	2093
123	2093
123	2094
156	2094
123	2094
123	2095
156	2095
123	2095
123	2096
156	2096
123	2096
123	2097
156	2097
123	2097
123	2098
156	2098
123	2098
123	2099
156	2099
123	2099
123	2100
156	2100
123	2100
123	2101
156	2101
123	2101
123	2102
156	2102
123	2102
123	2103
156	2103
123	2103
123	2104
156	2104
123	2104
123	2105
156	2105
123	2105
123	2106
156	2106
123	2106
123	2107
156	2107
123	2107
123	2108
156	2108
123	2108
123	2109
156	2109
123	2109
123	2110
156	2110
123	2110
123	2111
156	2111
123	2111
123	2112
156	2112
123	2112
123	2113
156	2113
123	2113
123	2114
156	2114
123	2114
123	2115
156	2115
123	2115
123	2116
156	2116
123	2116
123	2117
156	2117
123	2117
123	2118
156	2118
123	2118
123	2119
123	2120
123	2121
156	2121
123	2121
123	2122
123	2123
156	2123
123	2123
123	2124
156	2124
123	2124
123	2125
156	2125
123	2125
123	2126
156	2126
123	2126
123	2127
156	2127
123	2127
123	2128
156	2128
123	2128
123	2129
156	2129
123	2129
123	2130
156	2130
123	2130
123	2131
156	2131
123	2131
123	2132
156	2132
123	2132
123	2133
156	2133
123	2133
123	2134
156	2134
123	2134
123	2135
156	2135
123	2135
123	2136
156	2136
123	2136
123	2137
156	2137
123	2137
123	2138
156	2138
123	2138
123	2139
156	2139
123	2139
123	2140
156	2140
123	2140
123	2141
156	2141
123	2141
123	2142
156	2142
123	2142
123	2143
156	2143
123	2143
123	2144
156	2144
123	2144
123	2145
123	2146
156	2146
123	2146
123	2147
156	2147
123	2147
123	2148
156	2148
123	2148
123	2149
156	2149
123	2149
123	2150
156	2150
123	2150
123	2151
156	2151
123	2151
123	18
156	18
123	18
123	2152
156	2152
123	2152
123	2153
156	2153
123	2153
123	2154
156	2154
123	2154
123	2155
156	2155
123	2155
123	2156
156	2156
123	2156
123	2157
156	2157
123	2157
123	2158
156	2158
123	2158
123	2159
156	2159
123	2159
123	2160
156	2160
123	2160
123	2161
156	2161
123	2161
123	2162
156	2162
123	2162
123	2163
156	2163
123	2163
123	2164
156	2164
123	2164
475	2165
1249	1249
588	1249
3	2166
3	2167
3	2168
101	2169
101	2170
101	2169
33	2171
33	2172
3	2173
3	2174
101	2175
2175	2175
3	2176
101	2177
101	2177
3	2178
3	2179
3	2180
33	2180
3	2181
3	2182
3	2183
3	2184
3	2185
3	2186
3	2187
2187	2187
33	2187
3	2188
3	2189
3	2190
3	2191
3	2192
3	2193
3	2194
3	2195
2195	2195
33	2196
3	2197
3	2198
3	2199
3	2200
3	2201
3	2202
3	2203
3	2204
33	2205
2205	2205
3	2206
2206	2206
2206	2206
3	2207
3	2208
2209	2209
2210	2210
33	2211
33	2211
2211	2211
2211	2211
33	2211
1353	1407
33	2212
3	2213
557	2214
2215	2215
2215	2215
2216	2216
2216	2216
2217	2217
2217	2217
101	2218
33	2219
2220	2220
33	33
2221	2222
2223	2222
3	2224
3	2225
3	2226
2227	2227
101	2227
101	1283
59	2228
2229	2229
3	2230
3	2231
33	208
3	2232
2232	2232
3	2233
