1	1
2	1
3	1
4	1
3	1
1	5
6	5
7	5
7	5
8	5
5	5
9	5
9	5
1	5
9	5
7	10
11	7
12	7
3	7
4	7
3	7
13	13
14	14
15	15
11	15
11	15
11	15
15	15
11	15
9	15
15	15
11	15
9	15
1	15
9	15
15	15
9	15
11	15
15	15
15	15
11	15
11	15
15	15
15	15
16	15
17	15
3	15
4	15
3	15
18	18
9	11
19	11
11	11
19	11
20	11
21	11
11	11
11	11
21	11
21	11
21	11
21	11
21	11
11	11
12	11
11	11
12	11
12	11
12	11
22	11
16	11
17	11
3	11
4	11
3	11
23	23
23	23
23	23
1	23
9	23
23	23
16	23
17	23
23	9
9	9
15	9
9	9
15	9
15	9
1	9
23	21
19	21
12	21
12	21
16	21
17	21
24	25
25	25
25	25
12	25
12	25
25	25
26	25
12	25
25	25
12	25
26	25
26	25
24	25
26	25
25	25
26	25
26	25
12	25
25	25
24	25
25	25
27	25
25	25
28	25
25	25
28	25
26	25
26	25
26	25
26	25
25	25
29	25
25	25
26	25
26	25
27	25
26	25
26	25
30	25
25	25
12	25
25	25
12	25
25	25
30	25
12	25
12	25
25	25
12	25
25	25
12	25
12	25
12	25
25	25
12	25
26	25
26	25
26	25
25	25
31	25
25	25
25	25
30	25
30	25
30	25
25	25
29	25
25	25
29	25
29	25
29	25
25	25
30	25
30	25
12	25
12	25
22	25
12	25
32	25
32	25
25	25
12	25
33	25
32	25
22	25
32	25
27	25
25	25
26	25
29	25
32	25
29	25
30	25
32	25
30	25
32	25
30	25
29	25
29	25
22	25
26	25
25	25
34	25
32	25
32	25
22	25
22	25
25	25
32	25
22	25
22	25
22	25
32	25
35	25
25	25
35	25
31	25
31	25
32	25
22	25
27	25
25	25
36	25
30	25
32	25
32	25
25	25
32	25
37	25
37	25
32	25
32	25
35	25
35	25
25	25
12	25
12	25
38	25
12	25
12	25
32	25
30	25
30	25
32	25
30	25
12	25
32	25
30	25
12	25
32	25
32	25
32	25
30	25
32	25
30	25
30	25
30	25
30	25
30	25
12	25
30	25
30	25
30	25
30	25
35	25
35	25
12	25
30	25
30	25
30	25
30	25
30	25
25	25
30	25
27	25
30	25
30	25
25	25
30	25
39	25
39	25
30	25
30	25
40	25
40	25
30	25
27	25
30	25
30	25
16	25
12	25
25	25
16	25
16	25
17	25
12	25
12	25
41	25
39	25
42	42
42	42
11	43
24	12
12	12
12	12
12	12
24	12
12	12
25	12
24	12
26	12
12	12
19	12
19	12
33	12
26	12
44	12
26	12
26	12
26	12
24	12
45	12
45	12
45	12
45	12
26	12
26	12
26	12
12	12
26	12
26	12
26	12
26	12
12	12
26	12
26	12
26	12
26	12
12	12
26	12
26	12
33	12
33	12
26	12
26	12
26	12
26	12
12	12
26	12
26	12
26	12
26	12
26	12
26	12
26	12
12	12
26	12
26	12
26	12
26	12
26	12
24	12
26	12
24	12
24	12
26	12
26	12
46	12
12	12
31	12
30	12
26	12
27	12
12	12
47	12
46	12
26	12
26	12
26	12
31	12
12	12
12	12
48	12
48	12
26	12
26	12
12	12
12	12
27	12
12	12
49	12
27	12
49	12
27	12
12	12
12	12
27	12
12	12
12	12
27	12
12	12
12	12
12	12
12	12
12	12
12	12
12	12
12	12
12	12
12	12
12	12
27	12
12	12
12	12
26	12
26	12
30	12
12	12
30	12
12	12
26	12
26	12
24	12
30	12
50	12
50	12
12	12
50	12
50	12
50	12
26	12
12	12
12	12
12	12
12	12
12	12
12	12
12	12
12	12
12	12
50	12
50	12
12	12
12	12
12	12
32	12
12	12
30	12
12	12
30	12
12	12
50	12
12	12
30	12
30	12
24	12
12	12
12	12
12	12
30	12
51	12
27	12
12	12
12	12
12	12
12	12
12	12
27	12
32	12
32	12
27	12
12	12
32	12
12	12
32	12
39	12
27	12
49	12
39	12
12	12
39	12
32	12
32	12
32	12
32	12
52	12
52	12
52	12
12	12
12	12
39	12
39	12
39	12
12	12
39	12
39	12
39	12
12	12
32	12
32	12
32	12
30	12
30	12
12	12
12	12
30	12
12	12
32	12
12	12
12	12
32	12
12	12
12	12
30	12
12	12
12	12
27	12
12	12
12	12
12	12
12	12
32	12
12	12
32	12
12	12
32	12
12	12
32	12
22	12
31	12
12	12
32	12
32	12
30	12
32	12
32	12
12	12
32	12
32	12
32	12
12	12
12	12
12	12
12	12
12	12
12	12
12	12
24	12
12	12
32	12
30	12
30	12
12	12
32	12
32	12
12	12
32	12
32	12
12	12
12	12
12	12
12	12
12	12
12	12
12	12
12	12
12	12
12	12
12	12
12	12
12	12
12	12
32	12
32	12
22	12
32	12
32	12
26	12
30	12
12	12
30	12
12	12
12	12
32	12
30	12
12	12
26	12
26	12
26	12
12	12
30	12
12	12
30	12
12	12
29	12
29	12
22	12
12	12
12	12
12	12
12	12
12	12
12	12
12	12
12	12
12	12
12	12
12	12
12	12
12	12
12	12
12	12
12	12
12	12
12	12
30	12
30	12
32	12
12	12
32	12
30	12
32	12
29	12
32	12
29	12
12	12
12	12
12	12
29	12
53	12
32	12
12	12
32	12
32	12
32	12
30	12
12	12
46	12
46	12
30	12
46	12
46	12
46	12
32	12
32	12
32	12
29	12
29	12
49	12
12	12
12	12
12	12
12	12
12	12
12	12
12	12
12	12
12	12
12	12
12	12
12	12
12	12
12	12
12	12
22	12
22	12
54	12
54	12
12	12
12	12
54	12
12	12
27	12
12	12
32	12
32	12
12	12
32	12
27	12
30	12
32	12
32	12
30	12
32	12
32	12
30	12
27	12
32	12
32	12
12	12
26	12
39	12
12	12
55	12
39	12
39	12
12	12
12	12
39	12
12	12
32	12
27	12
12	12
12	12
12	12
12	12
26	12
26	12
12	12
12	12
26	12
32	12
26	12
12	12
32	12
56	12
12	12
22	12
32	12
32	12
12	12
30	12
12	12
12	12
30	12
25	12
12	12
12	12
32	12
30	12
12	12
30	12
32	12
31	12
31	12
32	12
22	12
22	12
35	12
35	12
54	12
35	12
35	12
12	12
22	12
30	12
27	12
27	12
12	12
27	12
39	12
35	12
30	12
12	12
12	12
12	12
12	12
12	12
32	12
12	12
30	12
12	12
22	12
22	12
12	12
12	12
27	12
35	12
12	12
35	12
35	12
12	12
12	12
35	12
35	12
12	12
54	12
12	12
32	12
12	12
32	12
32	12
32	12
30	12
12	12
12	12
30	12
12	12
12	12
30	12
57	12
55	12
12	12
39	12
12	12
12	12
37	12
37	12
12	12
32	12
12	12
12	12
12	12
12	12
12	12
12	12
12	12
12	12
12	12
12	12
12	12
12	12
12	12
12	12
12	12
12	12
12	12
12	12
12	12
12	12
12	12
58	12
12	12
32	12
58	12
58	12
12	12
35	12
32	12
12	12
12	12
35	12
35	12
35	12
30	12
35	12
12	12
35	12
12	12
12	12
59	12
32	12
12	12
12	12
32	12
12	12
12	12
35	12
32	12
32	12
35	12
12	12
32	12
12	12
12	12
12	12
12	12
12	12
12	12
12	12
12	12
12	12
12	12
12	12
12	12
12	12
12	12
35	12
35	12
35	12
12	12
60	12
60	12
60	12
61	12
12	12
32	12
12	12
32	12
22	12
22	12
22	12
22	12
30	12
30	12
12	12
30	12
12	12
32	12
12	12
32	12
12	12
30	12
12	12
32	12
12	12
32	12
32	12
12	12
12	12
12	12
32	12
32	12
32	12
32	12
12	12
30	12
35	12
12	12
12	12
32	12
35	12
30	12
30	12
30	12
30	12
12	12
30	12
62	12
32	12
32	12
35	12
35	12
12	12
30	12
12	12
30	12
30	12
12	12
26	12
12	12
12	12
12	12
26	12
30	12
12	12
12	12
63	12
35	12
12	12
12	12
35	12
12	12
12	12
12	12
12	12
12	12
12	12
12	12
12	12
12	12
12	12
12	12
12	12
12	12
12	12
12	12
12	12
12	12
12	12
12	12
12	12
12	12
12	12
12	12
12	12
12	12
12	12
12	12
12	12
12	12
12	12
12	12
12	12
12	12
12	12
30	12
12	12
12	12
30	12
12	12
30	12
12	12
35	12
12	12
30	12
30	12
12	12
30	12
64	12
65	12
30	12
12	12
12	12
12	12
30	12
35	12
12	12
12	12
32	12
12	12
30	12
12	12
12	12
12	12
22	12
32	12
12	12
32	12
24	12
32	12
30	12
12	12
12	12
32	12
12	12
12	12
12	12
12	12
32	12
32	12
32	12
32	12
35	12
32	12
32	12
12	12
12	12
32	12
12	12
12	12
32	12
32	12
32	12
35	12
35	12
32	12
12	12
32	12
35	12
12	12
32	12
35	12
12	12
35	12
35	12
35	12
30	12
12	12
12	12
30	12
12	12
30	12
30	12
12	12
30	12
12	12
12	12
30	12
35	12
30	12
32	12
30	12
12	12
12	12
12	12
32	12
12	12
30	12
12	12
32	12
32	12
32	12
30	12
32	12
32	12
12	12
12	12
12	12
30	12
12	12
32	12
30	12
30	12
30	12
39	12
30	12
12	12
30	12
12	12
30	12
12	12
30	12
12	12
32	12
30	12
32	12
30	12
30	12
30	12
12	12
30	12
30	12
30	12
12	12
12	12
30	12
12	12
32	12
32	12
32	12
32	12
32	12
32	12
12	12
32	12
30	12
12	12
32	12
32	12
32	12
12	12
22	12
32	12
30	12
25	12
12	12
12	12
32	12
39	12
32	12
12	12
32	12
66	12
32	12
32	12
12	12
32	12
32	12
30	12
32	12
12	12
32	12
32	12
32	12
32	12
39	12
12	12
32	12
39	12
12	12
39	12
32	12
32	12
12	12
30	12
30	12
30	12
12	12
30	12
35	12
12	12
30	12
30	12
12	12
35	12
12	12
35	12
12	12
12	12
35	12
35	12
12	12
26	12
32	12
32	12
30	12
12	12
39	12
39	12
30	12
67	12
67	12
67	12
61	12
61	12
68	12
30	12
12	12
30	12
30	12
12	12
30	12
12	12
39	12
39	12
12	12
39	12
69	12
69	12
70	12
12	12
27	12
30	12
39	12
71	12
27	12
68	12
72	12
12	12
39	12
12	12
39	12
70	12
70	12
39	12
12	12
39	12
12	12
12	12
39	12
61	12
73	12
30	12
39	12
12	12
74	12
75	12
12	12
12	12
12	12
61	12
30	12
30	12
12	12
12	12
40	12
12	12
40	12
12	12
40	12
39	12
30	12
30	12
30	12
12	12
30	12
12	12
30	12
30	12
30	12
12	12
12	12
30	12
30	12
30	12
12	12
12	12
12	12
12	12
12	12
12	12
12	12
12	12
12	12
12	12
12	12
12	12
12	12
12	12
12	12
12	12
12	12
12	12
12	12
12	12
12	12
12	12
12	12
12	12
12	12
12	12
12	12
12	12
12	12
12	12
12	12
12	12
12	12
12	12
12	12
12	12
12	12
12	12
12	12
12	12
12	12
12	12
12	12
12	12
12	12
12	12
12	12
12	12
12	12
12	12
12	12
12	12
12	12
12	12
12	12
12	12
12	12
12	12
12	12
12	12
12	12
12	12
12	12
12	12
12	12
12	12
12	12
12	12
12	12
12	12
12	12
12	12
12	12
12	12
12	12
12	12
12	12
12	12
12	12
12	12
12	12
12	12
12	12
12	12
12	12
12	12
12	12
12	12
12	12
12	12
12	12
12	12
12	12
12	12
12	12
12	12
12	12
12	12
12	12
30	12
12	12
30	12
12	12
12	12
30	12
12	12
30	12
12	12
30	12
12	12
61	12
30	12
12	12
76	12
77	12
77	12
30	12
30	12
78	12
30	12
12	12
30	12
12	12
27	12
12	12
79	12
30	12
79	12
79	12
12	12
12	12
12	12
30	12
27	12
80	12
30	12
30	12
40	12
12	12
40	12
12	12
27	12
12	12
40	12
12	12
30	12
12	12
30	12
30	12
81	12
81	12
39	12
73	12
82	12
82	12
12	12
83	12
30	12
12	12
27	12
12	12
30	12
30	12
30	12
30	12
83	12
12	12
12	12
30	12
12	12
30	12
12	12
12	12
83	12
12	12
30	12
30	12
12	12
84	12
30	12
12	12
30	12
12	12
27	12
12	12
30	12
85	12
12	12
12	12
30	12
30	12
30	12
12	12
30	12
12	12
27	12
30	12
12	12
30	12
30	12
12	12
30	12
12	12
30	12
12	12
30	12
30	12
12	12
86	12
30	12
30	12
30	12
30	12
87	12
73	12
87	12
30	12
30	12
30	12
88	12
88	12
30	12
12	12
88	12
88	12
30	12
12	12
88	12
12	12
88	12
30	12
12	12
88	12
12	12
88	12
30	12
89	12
88	12
12	12
88	12
88	12
88	12
88	12
89	12
89	12
12	12
30	12
30	12
30	12
12	12
30	12
30	12
12	12
30	12
12	12
30	12
12	12
30	12
12	12
30	12
39	12
39	12
88	12
90	12
12	12
27	12
91	12
12	12
12	12
88	12
88	12
73	12
88	12
88	12
88	12
92	12
88	12
12	12
88	12
89	12
12	12
89	12
89	12
12	12
89	12
88	12
12	12
12	12
93	12
30	12
12	12
88	12
30	12
30	12
88	12
12	12
88	12
12	12
89	12
12	12
12	12
30	12
89	12
30	12
12	12
12	12
30	12
12	12
30	12
94	12
78	12
88	12
88	12
12	12
33	12
12	12
33	12
95	12
30	12
12	12
12	12
12	12
95	12
33	12
96	12
96	12
12	12
97	12
98	12
99	12
88	12
73	12
100	12
100	12
100	12
101	12
88	12
101	12
12	12
88	12
60	12
102	12
103	12
30	12
35	12
30	12
104	12
105	12
106	12
106	12
107	12
108	12
12	24
12	24
25	24
25	24
25	24
26	24
26	24
33	24
33	24
24	24
26	24
26	24
26	24
26	24
26	24
26	24
26	24
109	24
26	24
26	24
27	24
29	24
26	24
26	24
26	24
26	24
24	24
24	24
26	24
26	24
26	24
26	24
26	24
26	24
12	24
12	24
26	24
26	24
26	24
44	24
44	24
12	24
12	24
12	24
12	24
30	24
30	24
30	24
110	24
39	24
39	24
39	24
39	24
111	24
39	24
31	24
32	24
12	24
55	24
55	24
27	24
27	24
22	24
22	24
22	24
22	24
12	24
22	24
22	24
32	24
33	24
33	24
33	24
26	24
22	24
32	24
30	24
32	24
29	24
26	24
26	24
34	24
32	24
24	24
24	24
24	24
22	24
22	24
32	24
30	24
22	24
32	24
32	24
32	24
39	24
32	24
37	24
32	24
35	24
30	24
12	24
30	24
12	24
30	24
22	24
30	24
12	24
12	24
12	24
12	24
12	24
32	24
32	24
32	24
30	24
35	24
12	24
16	24
12	24
16	24
16	24
17	24
12	24
12	24
39	24
112	24
113	114
113	114
114	114
114	114
113	114
114	114
26	114
12	114
115	115
115	115
116	116
116	116
49	49
24	49
26	49
12	49
32	49
117	117
118	118
119	119
26	26
26	26
25	26
120	26
19	26
19	26
26	26
91	26
19	26
33	26
24	26
33	26
33	26
25	26
25	26
24	26
24	26
24	26
24	26
24	26
24	26
24	26
19	26
121	26
12	26
12	26
24	26
12	26
12	26
111	26
28	26
27	26
121	26
28	26
34	26
27	26
27	26
27	26
12	26
29	26
29	26
29	26
29	26
29	26
29	26
29	26
29	26
12	26
29	26
29	26
33	26
12	26
24	26
12	26
33	26
12	26
24	26
24	26
26	26
111	26
111	26
12	26
29	26
29	26
12	26
24	26
12	26
46	26
12	26
32	26
12	26
12	26
27	26
32	26
12	26
34	26
34	26
12	26
12	26
12	26
12	26
12	26
12	26
12	26
27	26
122	26
12	26
30	26
123	26
34	26
24	26
44	26
30	26
47	26
47	26
47	26
47	26
121	26
47	26
47	26
123	26
47	26
123	26
123	26
123	26
48	26
33	26
123	26
12	26
30	26
47	26
47	26
47	26
12	26
31	26
12	26
12	26
12	26
24	26
27	26
31	26
47	26
47	26
47	26
47	26
47	26
30	26
30	26
12	26
12	26
12	26
27	26
12	26
12	26
12	26
47	26
47	26
47	26
32	26
47	26
124	26
32	26
32	26
32	26
25	26
30	26
48	26
31	26
50	26
12	26
12	26
12	26
30	26
12	26
51	26
32	26
32	26
12	26
51	26
12	26
27	26
12	26
22	26
32	26
32	26
29	26
39	26
12	26
12	26
30	26
26	26
26	26
26	26
32	26
30	26
30	26
29	26
39	26
39	26
12	26
39	26
22	26
32	26
32	26
30	26
32	26
32	26
30	26
30	26
12	26
22	26
30	26
30	26
30	26
30	26
22	26
55	26
12	26
32	26
32	26
29	26
29	26
32	26
30	26
32	26
29	26
26	26
24	26
125	26
24	26
26	26
26	26
26	26
26	26
34	26
32	26
30	26
12	26
33	26
39	26
32	26
33	26
26	26
32	26
32	26
34	26
26	26
32	26
30	26
12	26
22	26
22	26
26	26
22	26
33	26
33	26
22	26
32	26
31	26
22	26
126	26
126	26
126	26
26	26
32	26
30	26
12	26
12	26
127	26
12	26
12	26
32	26
30	26
26	26
30	26
22	26
12	26
32	26
12	26
128	26
32	26
32	26
32	26
30	26
32	26
66	26
30	26
32	26
32	26
32	26
32	26
30	26
32	26
30	26
30	26
32	26
30	26
30	26
30	26
30	26
32	26
32	26
32	26
73	26
30	26
26	26
129	26
30	26
26	26
16	26
30	26
12	26
88	26
16	26
16	26
26	26
17	26
12	26
12	26
73	26
88	26
73	26
30	26
30	26
88	26
130	26
131	26
73	26
26	26
26	26
26	26
26	26
26	26
88	26
88	26
88	26
26	26
93	26
88	26
88	26
88	26
88	26
26	26
88	26
26	26
88	26
26	26
88	26
26	26
103	26
103	26
26	26
103	26
99	26
100	26
26	26
100	26
73	26
100	26
100	26
100	26
100	26
100	26
100	26
30	26
99	26
26	26
30	26
26	26
30	26
132	26
30	26
35	26
30	26
30	26
30	26
93	26
30	26
30	26
30	26
30	26
133	26
26	26
30	26
26	26
30	26
30	26
30	26
30	26
30	26
26	26
30	26
26	26
27	26
134	26
135	26
39	26
136	26
136	26
107	26
26	121
24	121
26	121
26	121
26	121
26	121
26	121
26	121
29	121
26	121
26	121
51	121
12	121
26	121
29	121
12	121
22	121
22	121
32	121
32	121
32	121
32	121
30	121
30	121
30	121
12	121
30	121
16	121
99	121
137	121
132	121
27	121
24	122
26	122
26	122
26	122
26	122
12	122
26	19
26	33
26	33
26	33
24	33
12	33
12	33
26	33
33	33
26	33
26	33
33	33
26	33
26	33
26	33
29	33
29	33
29	33
29	33
29	33
33	33
26	33
26	33
26	33
12	33
12	33
26	33
26	33
26	33
26	33
26	33
30	33
29	33
12	33
30	33
32	33
54	33
24	33
26	33
30	33
30	33
22	33
22	33
32	33
12	33
22	33
32	33
32	33
12	33
12	33
52	33
138	33
29	33
30	33
32	33
32	33
32	33
32	33
26	33
26	33
26	33
26	33
26	33
26	33
139	33
139	33
32	33
22	33
27	33
32	33
33	33
32	33
32	33
32	33
32	33
32	33
35	33
139	33
32	33
33	33
30	33
30	33
30	33
32	33
30	33
32	33
30	33
30	33
33	33
30	33
32	33
33	33
32	33
39	33
39	33
39	33
27	33
30	33
12	33
16	33
17	33
88	33
33	33
27	33
33	33
30	33
33	33
88	33
88	33
33	33
88	33
33	33
88	33
33	33
88	33
33	33
33	33
88	33
33	33
88	33
88	33
88	33
73	33
73	33
88	33
33	33
88	33
88	33
33	33
140	33
88	33
33	33
88	33
33	33
141	33
27	33
33	33
33	33
88	33
88	33
88	33
39	33
12	33
93	33
132	33
33	33
33	33
132	33
27	33
132	33
33	33
132	33
33	33
39	33
27	33
33	33
132	33
33	33
33	33
88	33
33	33
88	33
93	33
93	33
93	33
33	33
93	33
33	33
136	33
33	33
136	33
33	33
136	33
39	33
33	33
136	33
136	33
33	33
136	33
33	33
136	33
33	33
136	33
39	33
33	33
93	33
33	33
27	33
33	33
33	33
39	33
39	33
39	33
39	33
33	33
93	33
39	33
33	33
39	33
33	33
39	33
39	33
33	33
3	33
142	142
3	142
4	142
3	142
24	143
143	143
26	143
12	143
31	143
31	143
3	143
4	143
3	143
144	144
3	144
4	144
3	144
145	145
121	146
146	146
26	146
121	146
146	146
12	146
22	146
24	109
26	109
12	109
24	147
26	147
26	147
12	147
32	147
32	147
32	147
12	44
26	44
24	44
12	44
12	44
24	27
26	27
26	27
26	27
26	27
26	27
26	27
26	27
26	27
26	27
26	27
26	27
26	27
47	27
47	27
26	27
47	27
47	27
12	27
12	27
12	27
26	27
12	27
12	27
27	27
12	27
12	27
26	27
26	27
26	27
26	27
47	27
47	27
12	27
30	27
39	27
39	27
12	27
39	27
39	27
32	27
34	27
39	27
39	27
39	27
39	27
39	27
39	27
39	27
32	27
30	27
30	27
30	27
30	27
30	27
12	27
24	27
32	27
22	27
30	27
32	27
30	27
30	27
30	27
30	27
30	27
30	27
30	27
39	27
30	27
30	27
26	27
30	27
30	27
30	27
30	27
30	27
30	27
32	27
32	27
30	27
29	27
30	27
30	27
30	27
32	27
32	27
32	27
32	27
35	27
25	27
30	27
27	27
31	27
31	27
32	27
30	27
22	27
35	27
35	27
35	27
32	27
12	27
12	27
30	27
30	27
39	27
32	27
35	27
32	27
32	27
35	27
30	27
30	27
30	27
35	27
30	27
32	27
32	27
30	27
32	27
54	27
32	27
30	27
56	27
30	27
30	27
30	27
35	27
40	27
30	27
30	27
30	27
30	27
30	27
30	27
30	27
12	27
12	27
35	27
35	27
35	27
35	27
35	27
35	27
30	27
30	27
30	27
30	27
30	27
35	27
32	27
30	27
30	27
32	27
32	27
32	27
30	27
32	27
30	27
30	27
32	27
32	27
32	27
32	27
148	27
148	27
39	27
39	27
39	27
39	27
30	27
35	27
32	27
32	27
30	27
32	27
32	27
30	27
30	27
30	27
30	27
30	27
30	27
30	27
30	27
30	27
39	27
40	27
40	27
30	27
30	27
30	27
30	27
30	27
30	27
12	27
39	27
30	27
30	27
30	27
27	27
73	27
30	27
73	27
73	27
30	27
30	27
39	27
30	27
73	27
73	27
30	27
30	27
27	27
30	27
30	27
30	27
39	27
30	27
30	27
30	27
30	27
30	27
30	27
30	27
27	27
30	27
30	27
30	27
30	27
30	27
30	27
30	27
30	27
30	27
39	27
33	27
33	27
30	27
30	27
30	27
30	27
30	27
30	27
30	27
73	27
73	27
30	27
30	27
30	27
30	27
73	27
39	27
30	27
30	27
30	27
30	27
30	27
30	27
40	27
30	27
27	27
40	27
40	27
30	27
30	27
30	27
30	27
73	27
73	27
73	27
73	27
73	27
73	27
30	27
30	27
30	27
30	27
30	27
30	27
30	27
30	27
30	27
30	27
30	27
73	27
73	27
73	27
73	27
30	27
73	27
30	27
30	27
73	27
30	27
30	27
73	27
30	27
30	27
30	27
30	27
30	27
30	27
30	27
30	27
30	27
30	27
30	27
30	27
30	27
30	27
30	27
30	27
30	27
73	27
30	27
73	27
73	27
30	27
30	27
27	27
30	27
73	27
73	27
12	27
73	27
30	27
30	27
30	27
30	27
30	27
30	27
73	27
73	27
30	27
30	27
30	27
30	27
16	27
30	27
73	27
30	27
73	27
73	27
12	27
12	27
73	27
73	27
73	27
30	27
30	27
30	27
30	27
30	27
30	27
30	27
30	27
73	27
87	27
87	27
87	27
27	27
27	27
73	27
30	27
30	27
30	27
149	27
73	27
73	27
30	27
73	27
88	27
88	27
12	27
30	27
73	27
30	27
12	27
27	27
73	27
73	27
73	27
73	27
73	27
149	27
30	27
150	27
73	27
73	27
73	27
93	27
73	27
73	27
88	27
88	27
88	27
73	27
73	27
73	27
73	27
30	27
30	27
30	27
88	27
96	27
73	27
88	27
73	27
73	27
73	27
151	27
30	27
30	27
30	27
73	27
73	27
30	27
30	27
30	27
56	27
30	27
30	27
30	27
88	27
88	27
30	27
30	27
152	27
30	27
152	27
27	27
27	27
27	27
30	27
30	27
27	27
30	27
30	27
93	27
30	27
30	27
30	27
98	27
60	27
73	27
30	27
73	27
30	27
73	27
73	27
73	27
73	27
73	27
39	27
30	27
30	27
60	27
60	27
73	27
39	27
73	27
73	27
99	27
30	27
99	27
99	27
30	27
99	27
30	27
153	27
60	27
30	27
154	27
88	27
30	27
155	27
73	27
99	27
30	27
30	27
30	27
39	27
39	27
30	27
30	27
39	27
30	27
30	27
30	27
30	27
30	27
30	27
30	27
30	27
30	27
30	27
30	27
30	27
156	27
157	27
30	27
158	27
158	27
158	27
30	27
30	27
30	27
30	27
30	27
132	27
159	27
159	27
27	27
159	27
157	27
60	27
27	27
27	27
99	27
99	27
88	27
99	27
30	27
160	27
60	27
30	27
39	27
39	27
39	27
39	27
40	27
30	27
73	27
30	27
99	27
93	27
30	27
39	27
35	27
96	27
35	27
35	27
35	27
35	27
35	27
30	27
30	27
161	27
73	27
73	27
35	27
35	27
35	27
35	27
35	27
35	27
30	27
30	27
30	27
35	27
35	27
35	27
35	27
30	27
30	27
35	27
30	27
35	27
35	27
35	27
30	27
30	27
30	27
35	27
35	27
35	27
35	27
35	27
35	27
35	27
60	27
35	27
35	27
35	27
35	27
156	27
156	27
30	27
99	27
39	27
35	27
30	27
35	27
30	27
35	27
30	27
27	27
30	27
30	27
30	27
30	27
30	27
30	27
73	27
30	27
96	27
30	27
39	27
93	27
30	27
27	27
27	27
27	27
27	27
30	27
30	27
39	27
93	27
39	27
39	27
39	27
39	27
162	27
39	27
39	27
163	27
30	27
30	27
164	27
39	27
39	27
39	27
30	27
165	27
165	27
39	27
136	27
30	27
30	27
30	27
39	27
39	27
39	27
93	27
30	27
27	27
30	27
166	27
166	27
167	27
33	27
33	27
136	27
27	27
33	27
167	27
168	27
168	27
168	27
168	27
168	27
168	27
168	27
136	27
93	27
93	27
136	27
169	27
136	27
170	27
39	27
39	27
136	27
136	27
30	27
30	27
30	27
136	27
136	27
136	27
136	27
136	27
171	27
171	27
136	27
136	27
136	27
136	27
136	27
136	27
136	27
136	27
136	27
136	27
136	27
30	27
39	27
172	27
136	27
136	27
136	27
172	27
39	27
172	27
112	27
27	27
172	27
136	27
136	27
173	27
136	27
136	27
136	27
136	27
30	27
136	27
3	27
169	27
169	27
136	27
136	27
136	27
136	27
172	27
136	27
136	27
174	27
175	27
175	27
176	27
136	27
136	27
136	27
136	27
26	28
26	28
28	28
26	28
28	28
26	28
26	28
28	28
26	28
26	28
26	28
28	28
114	28
28	28
28	28
114	28
28	28
114	28
28	28
28	28
114	28
28	28
114	28
28	28
28	28
26	28
28	28
26	28
12	28
12	28
22	28
32	28
89	28
12	28
16	28
17	28
26	34
26	34
26	34
26	34
29	34
25	34
26	34
26	34
26	34
26	34
44	34
30	34
12	34
12	34
32	34
31	34
31	34
27	34
27	34
12	34
30	34
32	34
29	34
32	34
22	34
22	34
30	34
26	34
12	34
22	34
31	34
31	34
22	34
58	34
32	34
16	34
17	34
39	34
39	34
26	113
12	113
12	113
22	113
12	113
26	177
12	177
3	177
4	177
3	177
26	178
26	178
12	178
26	179
12	179
12	180
3	180
4	180
3	180
26	111
26	111
26	111
26	111
29	111
12	111
26	181
12	181
12	181
26	182
12	182
26	183
26	183
12	183
51	51
73	51
184	51
51	51
185	185
25	185
185	185
26	46
26	46
46	46
26	46
46	46
26	46
26	46
12	46
26	46
26	46
12	46
46	46
46	46
46	46
12	46
12	46
12	46
12	46
30	46
30	46
30	46
30	46
30	46
12	46
31	46
30	46
30	46
30	46
27	46
27	46
39	46
39	46
39	46
39	46
39	46
39	46
39	46
39	46
39	46
39	46
39	46
121	46
46	46
39	46
39	46
39	46
39	46
39	46
39	46
39	46
39	46
39	46
39	46
39	46
39	46
46	46
39	46
39	46
39	46
39	46
39	46
39	46
39	46
39	46
12	46
39	46
39	46
39	46
39	46
30	46
12	46
39	46
39	46
39	46
46	46
39	46
30	46
26	46
26	46
39	46
39	46
29	46
29	46
39	46
12	46
12	46
30	46
12	46
39	46
39	46
32	46
29	46
12	46
39	46
186	46
22	46
27	46
32	46
39	46
32	46
32	46
12	46
16	46
17	46
39	46
26	187
26	187
26	187
26	187
12	187
12	187
26	29
26	29
26	29
26	29
26	29
33	29
33	29
26	29
33	29
33	29
26	29
26	29
26	29
26	29
29	29
29	29
29	29
26	29
26	29
34	29
26	29
26	29
32	29
29	29
32	29
29	29
29	29
29	29
39	29
39	29
111	29
12	29
26	29
26	29
12	29
22	29
12	29
12	29
12	29
12	29
30	29
32	29
30	29
30	29
22	29
22	29
12	29
12	29
32	29
32	29
12	29
22	29
12	29
29	29
29	29
30	29
29	29
22	29
22	29
57	29
57	29
29	29
57	29
29	29
57	29
29	29
57	29
29	29
29	29
32	29
29	29
29	29
73	29
30	29
30	29
29	29
30	29
29	29
30	29
29	29
30	29
29	29
30	29
30	29
29	29
35	29
35	29
29	29
26	188
24	188
26	188
188	188
26	188
26	188
12	188
3	188
4	188
3	188
26	189
12	189
29	190
26	190
29	190
26	190
32	190
26	191
29	191
26	191
12	191
26	48
26	48
26	48
26	48
48	48
12	48
12	48
48	48
12	48
47	48
48	48
48	48
26	48
26	48
48	48
12	48
26	48
29	48
30	48
48	48
48	48
30	48
27	48
48	48
48	48
30	48
48	48
12	48
88	48
30	48
48	48
88	48
30	48
30	48
30	48
48	48
30	48
30	48
48	48
48	48
88	48
73	48
48	48
39	48
73	48
88	48
30	48
29	48
48	48
60	48
60	48
60	48
60	48
88	48
112	48
26	192
12	192
22	192
16	192
17	192
163	192
163	192
88	192
26	193
12	193
22	193
26	194
12	194
22	194
26	195
12	195
3	195
4	195
3	195
26	196
12	196
26	197
12	197
12	197
26	198
12	198
3	198
4	198
3	198
26	199
12	199
3	199
4	199
3	199
26	200
12	200
26	201
12	201
26	202
26	202
24	202
12	202
22	202
22	202
26	203
26	204
12	204
3	204
4	204
3	204
26	205
12	205
3	205
4	205
3	205
26	206
12	206
3	206
4	206
3	206
26	207
12	207
26	208
12	208
12	208
26	123
12	123
123	123
12	123
12	123
26	123
26	123
26	123
26	123
26	123
26	123
26	123
26	123
26	123
26	123
26	123
12	123
32	123
12	123
22	123
32	123
22	123
22	123
26	31
12	31
26	31
26	31
12	31
30	31
30	31
12	31
46	31
26	31
34	31
32	31
32	31
34	31
39	31
32	31
39	31
39	31
39	31
39	31
39	31
32	31
32	31
32	31
32	31
30	31
39	31
39	31
32	31
12	31
30	31
30	31
22	31
30	31
30	31
22	31
39	31
22	31
22	31
32	31
32	31
35	31
35	31
30	31
35	31
22	31
30	31
12	31
32	31
22	31
32	31
12	31
12	31
32	31
32	31
32	31
39	31
32	31
32	31
32	31
32	31
16	31
17	31
100	31
30	31
30	31
26	209
12	209
3	209
4	209
3	209
12	120
32	120
12	120
26	47
26	47
26	47
26	47
26	47
26	47
26	47
26	47
26	47
26	47
26	47
26	47
26	47
47	47
26	47
27	47
27	47
27	47
27	47
26	47
26	47
26	47
27	47
26	47
26	47
26	47
27	47
27	47
12	47
26	47
26	47
26	47
26	47
26	47
26	47
26	47
26	47
47	47
47	47
47	47
47	47
47	47
47	47
47	47
47	47
47	47
26	47
47	47
48	47
27	47
48	47
27	47
26	47
47	47
47	47
26	47
47	47
47	47
47	47
27	47
26	47
32	47
26	47
47	47
26	47
26	47
26	47
47	47
47	47
47	47
32	47
26	47
26	47
47	47
30	47
30	47
26	47
55	47
32	47
32	47
27	47
32	47
32	47
12	47
12	47
22	47
32	47
32	47
32	47
12	47
26	210
12	210
3	210
4	210
3	210
26	211
26	211
33	211
12	211
12	211
32	211
30	211
30	211
12	211
16	211
17	211
30	211
3	211
4	211
3	211
26	212
12	212
26	213
12	213
26	214
12	214
12	214
214	214
26	215
12	215
26	216
26	216
12	216
26	126
12	126
32	126
32	126
27	126
32	126
30	126
30	126
30	126
30	126
30	126
32	126
16	126
17	126
39	126
26	217
12	217
123	217
123	217
217	217
33	217
29	217
217	217
32	217
12	217
217	217
12	217
32	217
128	217
128	217
128	217
32	217
32	217
30	217
30	217
30	217
30	217
217	217
12	217
16	217
217	217
217	217
17	217
30	217
30	217
39	217
136	217
217	217
217	217
217	217
217	217
136	217
25	217
30	217
30	217
30	217
25	217
30	217
30	217
30	217
30	217
217	217
30	217
217	217
217	217
217	217
39	217
30	217
30	217
30	217
26	218
12	218
32	218
32	218
3	218
4	218
3	218
26	219
12	219
26	220
26	221
12	221
3	221
4	221
3	221
12	12
12	12
12	12
12	12
12	12
12	12
12	12
12	12
12	12
12	12
12	12
12	12
12	12
22	12
22	12
12	12
12	12
12	12
12	12
12	12
12	12
12	12
12	12
12	12
12	12
12	12
12	12
12	12
12	12
12	12
12	12
12	12
12	12
12	12
12	12
12	12
12	12
12	12
12	12
12	12
12	12
12	12
12	12
12	12
12	12
12	12
12	12
12	12
12	12
12	12
12	12
12	12
12	12
12	12
12	12
12	12
12	12
12	12
12	12
12	12
12	12
12	12
12	12
12	12
12	12
12	12
12	12
12	12
12	12
12	12
12	12
12	12
12	12
12	12
12	12
12	12
12	12
12	12
12	12
12	12
12	12
12	12
12	12
12	12
12	12
12	12
12	12
12	12
12	12
12	12
12	12
12	12
12	12
12	12
222	222
26	222
223	223
223	223
26	224
12	224
26	225
12	225
12	225
3	225
4	225
3	225
26	226
12	226
3	226
4	226
3	226
26	227
26	227
12	227
12	227
12	227
12	227
12	227
12	227
228	227
26	229
26	230
47	230
26	230
26	230
12	230
12	230
12	230
16	230
17	230
47	231
26	231
47	231
12	231
26	82
82	82
32	82
30	82
26	55
47	55
47	55
12	55
24	55
22	55
12	55
55	55
55	55
12	55
12	55
55	55
232	55
55	55
232	55
55	55
12	55
12	55
55	55
12	55
29	55
22	55
27	55
32	55
32	55
32	55
30	55
30	55
26	124
3	124
4	124
3	124
26	233
26	50
12	50
12	12
12	12
12	12
12	12
12	12
12	12
139	12
12	12
26	234
26	234
12	234
12	234
12	235
47	236
237	237
237	237
3	237
237	238
4	238
32	239
3	239
4	239
3	239
139	139
12	139
32	139
3	139
240	240
241	241
241	241
242	242
82	242
243	243
243	243
110	110
27	110
12	110
46	244
29	39
27	39
27	39
39	39
39	39
39	39
29	39
29	39
39	39
39	39
24	39
39	39
39	39
39	39
39	39
39	39
39	39
39	39
39	39
39	39
39	39
39	39
39	39
39	39
39	39
39	39
29	39
39	39
39	39
39	39
39	39
39	39
39	39
39	39
39	39
39	39
39	39
39	39
39	39
39	39
39	39
39	39
39	39
39	39
39	39
39	39
39	39
39	39
39	39
39	39
39	39
39	39
39	39
39	39
39	39
39	39
39	39
39	39
39	39
39	39
39	39
39	39
39	39
39	39
39	39
39	39
39	39
39	39
39	39
39	39
39	39
39	39
39	39
39	39
39	39
39	39
39	39
39	39
39	39
51	39
39	39
39	39
39	39
39	39
39	39
39	39
39	39
39	39
39	39
39	39
39	39
39	39
39	39
39	39
39	39
46	39
39	39
39	39
39	39
39	39
39	39
39	39
39	39
39	39
39	39
39	39
39	39
39	39
27	39
39	39
39	39
39	39
39	39
39	39
39	39
39	39
46	39
39	39
39	39
39	39
39	39
39	39
39	39
39	39
39	39
39	39
39	39
39	39
39	39
39	39
39	39
39	39
39	39
39	39
39	39
39	39
39	39
39	39
39	39
39	39
39	39
39	39
39	39
39	39
39	39
39	39
39	39
39	39
39	39
39	39
39	39
39	39
39	39
39	39
39	39
39	39
39	39
39	39
39	39
39	39
39	39
39	39
27	39
39	39
39	39
39	39
39	39
39	39
39	39
39	39
39	39
39	39
27	39
39	39
39	39
39	39
39	39
39	39
39	39
39	39
39	39
39	39
39	39
39	39
39	39
39	39
39	39
39	39
39	39
46	39
46	39
39	39
39	39
39	39
46	39
46	39
46	39
46	39
46	39
46	39
46	39
39	39
39	39
39	39
12	39
39	39
12	39
31	39
39	39
31	39
39	39
31	39
12	39
12	39
12	39
32	39
39	39
39	39
39	39
39	39
39	39
39	39
39	39
39	39
39	39
39	39
39	39
39	39
39	39
39	39
39	39
39	39
39	39
39	39
39	39
39	39
39	39
39	39
39	39
31	39
39	39
39	39
39	39
39	39
39	39
39	39
39	39
39	39
39	39
39	39
39	39
39	39
39	39
39	39
39	39
39	39
39	39
39	39
12	39
39	39
39	39
32	39
39	39
39	39
39	39
39	39
39	39
39	39
39	39
39	39
39	39
39	39
39	39
39	39
32	39
39	39
22	39
22	39
39	39
39	39
39	39
39	39
39	39
22	39
39	39
39	39
39	39
32	39
39	39
39	39
39	39
39	39
55	39
39	39
39	39
32	39
39	39
32	39
32	39
32	39
39	39
39	39
39	39
39	39
39	39
27	39
30	39
39	39
30	39
39	39
39	39
39	39
39	39
30	39
39	39
39	39
39	39
32	39
30	39
30	39
26	39
26	39
26	39
26	39
39	39
39	39
30	39
30	39
27	39
39	39
39	39
29	39
29	39
39	39
39	39
39	39
39	39
39	39
39	39
39	39
39	39
39	39
39	39
54	39
39	39
39	39
30	39
32	39
32	39
39	39
30	39
30	39
30	39
30	39
30	39
30	39
39	39
39	39
39	39
39	39
30	39
29	39
39	39
39	39
30	39
39	39
30	39
39	39
54	39
39	39
39	39
39	39
39	39
39	39
32	39
39	39
39	39
39	39
39	39
39	39
39	39
39	39
54	39
39	39
39	39
39	39
39	39
39	39
39	39
39	39
39	39
39	39
26	39
39	39
12	39
39	39
39	39
39	39
39	39
26	39
33	39
32	39
32	39
186	39
39	39
39	39
39	39
39	39
39	39
39	39
32	39
30	39
22	39
30	39
39	39
39	39
39	39
39	39
32	39
39	39
32	39
39	39
39	39
39	39
39	39
32	39
245	39
32	39
32	39
246	39
32	39
39	39
247	39
39	39
30	39
32	39
35	39
32	39
35	39
35	39
35	39
186	39
186	39
30	39
30	39
139	39
54	39
32	39
32	39
32	39
32	39
32	39
56	39
30	39
27	39
32	39
30	39
30	39
30	39
30	39
30	39
30	39
30	39
30	39
30	39
30	39
30	39
30	39
30	39
30	39
30	39
30	39
30	39
30	39
30	39
30	39
30	39
30	39
30	39
30	39
32	39
32	39
32	39
32	39
32	39
30	39
30	39
247	39
247	39
30	39
32	39
32	39
39	39
32	39
32	39
32	39
32	39
33	39
247	39
247	39
247	39
247	39
247	39
247	39
32	39
30	39
30	39
30	39
30	39
32	39
30	39
32	39
32	39
30	39
30	39
30	39
30	39
30	39
32	39
52	39
30	39
30	39
32	39
32	39
30	39
30	39
30	39
32	39
32	39
32	39
32	39
32	39
248	39
248	39
248	39
30	39
30	39
30	39
30	39
30	39
27	39
27	39
27	39
30	39
30	39
249	39
30	39
30	39
30	39
30	39
30	39
30	39
30	39
30	39
39	39
39	39
30	39
30	39
30	39
30	39
30	39
27	39
32	39
30	39
30	39
30	39
30	39
30	39
30	39
30	39
30	39
30	39
250	39
30	39
30	39
30	39
30	39
30	39
12	39
12	39
27	39
30	39
30	39
30	39
30	39
30	39
30	39
30	39
30	39
33	39
30	39
33	39
30	39
35	39
35	39
35	39
35	39
39	39
39	39
39	39
73	39
30	39
30	39
30	39
30	39
30	39
30	39
30	39
30	39
30	39
30	39
30	39
30	39
30	39
30	39
27	39
30	39
30	39
251	39
30	39
27	39
27	39
30	39
30	39
30	39
30	39
30	39
39	39
30	39
30	39
30	39
30	39
30	39
73	39
73	39
30	39
30	39
30	39
73	39
73	39
30	39
149	39
30	39
93	39
88	39
88	39
30	39
60	39
30	39
12	39
88	39
73	39
39	39
39	39
252	39
252	39
73	39
30	39
30	39
73	39
73	39
88	39
30	39
96	39
88	39
30	39
30	39
30	39
30	39
60	39
88	39
88	39
88	39
60	39
88	39
88	39
88	39
39	39
88	39
30	39
30	39
30	39
30	39
30	39
30	39
30	39
253	39
30	39
96	39
60	39
30	39
30	39
30	39
60	39
30	39
39	39
30	39
73	39
27	39
99	39
30	39
73	39
73	39
30	39
30	39
48	39
73	39
254	39
30	39
60	39
88	39
88	39
39	39
30	39
27	39
27	39
27	39
132	39
39	39
132	39
35	39
35	39
35	39
35	39
35	39
96	39
35	39
39	39
35	39
35	39
73	39
73	39
30	39
30	39
73	39
35	39
35	39
35	39
35	39
35	39
35	39
35	39
35	39
35	39
39	39
39	39
35	39
35	39
35	39
30	39
39	39
60	39
60	39
60	39
30	39
60	39
39	39
93	39
93	39
93	39
93	39
35	39
35	39
35	39
93	39
39	39
93	39
35	39
93	39
30	39
132	39
132	39
93	39
93	39
93	39
39	39
93	39
73	39
73	39
30	39
30	39
30	39
39	39
30	39
247	39
30	39
30	39
30	39
27	39
93	39
39	39
27	39
255	39
164	39
30	39
93	39
27	39
30	39
39	39
93	39
93	39
93	39
27	39
27	39
30	39
30	39
256	39
30	39
257	39
27	39
27	39
33	39
27	39
133	39
133	39
39	39
133	39
33	39
170	39
170	39
170	39
27	39
39	39
170	39
170	39
136	39
30	39
136	39
39	39
136	39
27	39
39	39
136	39
27	39
136	39
172	39
136	39
172	39
136	39
93	39
33	39
136	39
88	39
136	39
136	39
173	39
30	39
3	39
93	39
176	39
176	39
176	39
176	39
39	39
39	39
39	39
39	39
39	39
39	39
176	39
176	39
258	258
29	259
111	260
3	260
4	260
3	260
29	261
29	261
29	262
12	262
3	262
4	262
3	262
29	263
30	263
263	263
29	264
27	56
56	56
27	56
32	56
32	56
32	56
32	56
34	56
12	56
39	56
32	56
39	56
39	56
30	56
30	56
39	56
39	56
32	56
12	56
12	56
32	56
32	56
12	56
54	56
55	56
30	56
30	56
32	56
29	56
32	56
30	56
12	56
32	56
12	56
31	56
31	56
32	56
22	56
32	56
30	56
54	56
32	56
30	56
32	56
39	56
39	56
39	56
39	56
27	56
32	56
30	56
30	56
30	56
30	56
30	56
39	56
32	56
32	56
35	56
35	56
35	56
35	56
35	56
35	56
35	56
32	56
32	56
32	56
32	56
32	56
265	56
30	56
32	56
32	56
32	56
35	56
30	56
73	56
30	56
30	56
30	56
30	56
30	56
30	56
27	56
30	56
30	56
30	56
12	56
30	56
30	56
30	56
30	56
30	56
30	56
30	56
30	56
30	56
30	56
30	56
30	56
30	56
30	56
96	56
12	56
16	56
17	56
27	56
27	56
88	56
27	56
99	56
73	56
88	56
266	56
39	56
48	48
39	267
267	267
267	267
39	267
24	267
12	267
52	52
52	52
52	52
52	52
52	52
52	52
52	52
52	52
32	52
12	52
52	52
54	52
52	52
52	52
52	52
52	52
52	52
52	52
52	52
52	52
52	52
52	52
52	52
52	52
52	52
52	52
52	52
33	52
33	52
52	52
33	52
52	52
27	52
25	52
52	52
29	52
32	52
32	52
22	52
32	52
32	52
12	52
52	52
32	52
52	52
35	52
52	52
35	52
52	52
35	52
39	52
32	52
30	52
30	52
52	52
52	52
52	52
30	52
30	52
52	52
12	52
268	52
52	52
52	52
3	52
4	52
3	52
269	269
270	270
271	271
271	271
68	68
3	68
157	272
4	272
27	54
12	54
54	54
12	54
54	54
33	54
32	54
32	54
54	54
22	54
54	54
54	54
12	54
54	54
12	54
54	54
12	54
54	54
29	54
22	54
32	54
31	54
31	54
22	54
39	54
39	54
54	54
35	54
35	54
12	54
139	54
139	54
12	54
54	54
32	54
32	54
16	54
17	54
3	54
4	54
3	54
273	273
273	273
39	273
32	273
32	273
12	273
22	273
273	273
22	273
273	273
273	273
273	273
273	273
30	273
12	273
273	273
12	274
3	274
4	274
3	274
12	275
12	275
12	275
22	275
12	275
3	275
4	275
3	275
12	276
12	276
12	277
3	277
4	277
3	277
12	278
32	278
26	278
29	278
35	278
12	278
30	278
73	278
30	278
30	278
27	278
73	278
30	278
30	278
12	278
279	278
93	278
27	278
27	278
136	278
12	280
12	281
12	282
54	282
282	282
282	282
283	282
167	282
284	282
12	285
12	286
22	286
12	287
22	287
288	288
24	22
22	22
22	22
22	22
31	22
22	22
24	22
24	22
22	22
32	22
32	22
22	22
289	22
289	22
289	22
289	22
22	22
289	22
22	22
39	22
22	22
22	22
39	22
39	22
39	22
39	22
22	22
30	22
22	22
27	22
22	22
123	22
22	22
31	22
12	22
22	22
12	22
32	22
32	22
12	22
32	22
32	22
32	22
32	22
26	22
32	22
26	22
32	22
32	22
29	22
32	22
22	22
22	22
33	22
33	22
32	22
32	22
32	22
29	22
32	22
29	22
29	22
29	22
12	22
29	22
33	22
32	22
22	22
33	22
32	22
32	22
29	22
29	22
12	22
12	22
12	22
34	22
30	22
22	22
34	22
32	22
34	22
12	22
32	22
26	22
32	22
32	22
25	22
22	22
30	22
32	22
12	22
35	22
35	22
22	22
58	22
70	22
12	22
12	22
70	22
32	22
32	22
217	22
32	22
12	22
32	22
22	22
30	22
12	22
35	22
35	22
22	22
30	22
22	22
57	22
12	22
57	22
35	22
35	22
35	22
35	22
12	22
12	22
12	22
12	22
12	22
35	22
12	22
32	22
12	22
35	22
35	22
32	22
26	22
22	22
26	22
30	22
12	22
12	22
30	22
32	22
30	22
30	22
32	22
32	22
32	22
12	22
32	22
35	22
30	22
30	22
39	22
39	22
39	22
39	22
12	22
12	22
12	22
39	22
73	22
12	22
39	22
39	22
12	22
27	22
27	22
12	22
39	22
27	22
39	22
12	22
39	22
39	22
39	22
60	22
39	22
16	22
30	22
12	22
16	22
60	22
60	22
30	22
30	22
60	22
39	22
12	22
12	22
30	22
16	22
16	22
30	22
30	22
30	22
16	22
16	22
39	22
30	22
12	22
290	22
290	22
12	22
12	22
73	22
73	22
26	22
26	22
26	22
12	22
26	22
291	291
22	291
22	291
30	291
3	291
4	291
3	291
22	292
3	292
4	292
3	292
22	186
12	186
22	186
29	186
282	186
26	186
26	186
186	186
32	186
32	186
32	186
22	186
27	186
32	186
35	186
35	186
35	186
35	186
32	186
3	186
4	186
3	186
22	293
293	293
293	293
32	294
294	294
294	294
294	294
294	294
294	294
12	294
32	294
294	294
295	295
32	295
295	295
32	138
138	138
294	138
12	296
296	296
22	296
12	296
12	245
32	245
32	245
32	245
22	245
39	245
39	245
32	245
32	245
32	245
30	245
30	245
93	245
93	245
3	245
12	297
12	232
55	232
30	232
32	232
30	232
22	232
32	232
12	232
298	298
298	298
39	298
32	298
33	299
32	32
22	32
32	32
22	32
12	32
32	32
12	32
32	32
32	32
12	300
29	300
3	300
4	300
3	300
32	301
29	301
3	301
4	301
3	301
32	302
302	302
302	302
302	302
302	302
32	303
29	303
32	60
29	60
12	60
12	60
60	60
32	60
57	60
35	60
32	60
32	60
32	60
60	60
30	60
58	60
60	60
60	60
30	60
58	60
58	60
58	60
57	60
57	60
57	60
57	60
57	60
32	60
57	60
57	60
304	60
32	60
304	60
32	60
60	60
60	60
60	60
60	60
32	60
30	60
32	60
57	60
57	60
32	60
248	60
35	60
12	60
60	60
27	60
27	60
60	60
30	60
30	60
60	60
30	60
57	60
57	60
30	60
30	60
30	60
73	60
30	60
30	60
60	60
60	60
30	60
30	60
88	60
88	60
60	60
88	60
30	60
60	60
30	60
30	60
60	60
30	60
30	60
60	60
30	60
88	60
88	60
60	60
88	60
60	60
57	60
58	60
58	60
88	60
60	60
88	60
30	60
30	60
60	60
88	60
30	60
30	60
88	60
60	60
30	60
60	60
60	60
30	60
30	60
60	60
30	60
60	60
30	60
30	60
60	60
30	60
30	60
30	60
30	60
30	60
30	60
60	60
88	60
60	60
88	60
60	60
60	60
88	60
12	60
39	60
39	60
39	60
96	60
96	60
60	60
16	60
30	60
60	60
30	60
305	60
17	60
30	60
30	60
88	60
39	60
39	60
88	60
39	60
30	60
60	60
30	60
60	60
30	60
39	60
39	60
60	60
27	60
60	60
30	60
39	60
39	60
60	60
60	60
60	60
27	60
30	60
60	60
30	60
30	60
30	60
30	60
39	60
39	60
73	60
60	60
73	60
30	60
30	60
60	60
30	60
60	60
60	60
30	60
60	60
30	60
30	60
60	60
30	60
60	60
60	60
27	60
27	60
27	60
30	60
30	60
60	60
30	60
60	60
60	60
30	60
60	60
60	60
99	60
99	60
60	60
30	60
30	60
30	60
30	60
306	60
88	60
27	60
27	60
30	60
88	60
30	60
30	60
30	60
60	60
60	60
60	60
30	60
73	60
30	60
60	60
30	60
60	60
60	60
60	60
30	60
60	60
60	60
30	60
30	60
60	60
60	60
60	60
30	60
30	60
39	60
27	60
60	60
27	60
132	60
60	60
265	60
30	60
30	60
30	60
60	60
30	60
27	60
30	60
30	60
27	60
160	60
88	60
35	60
60	60
35	60
60	60
307	60
307	60
307	60
48	60
48	60
35	60
35	60
39	60
39	60
35	60
60	60
39	60
35	60
60	60
60	60
35	60
132	60
132	60
39	60
35	60
60	60
60	60
35	60
35	60
39	60
30	60
35	60
30	60
30	60
35	60
30	60
35	60
30	60
35	60
35	60
35	60
35	60
60	60
48	60
30	60
60	60
48	60
60	60
48	60
88	60
30	60
60	60
30	60
93	60
93	60
308	60
27	60
60	60
266	60
27	60
60	60
27	60
27	60
136	60
60	60
136	60
60	60
136	60
60	60
27	60
30	60
136	60
93	60
136	60
93	60
136	60
30	60
30	60
136	60
136	60
27	60
32	309
32	310
32	311
32	312
29	312
32	313
29	313
3	313
32	314
3	314
4	314
3	314
32	32
32	32
32	32
32	32
32	32
12	53
12	53
12	12
12	12
12	12
12	12
12	12
12	12
12	12
315	315
3	315
4	315
3	315
253	253
22	253
12	316
29	316
317	317
29	317
3	317
4	317
3	317
32	318
29	318
17	318
39	318
26	319
3	319
4	319
3	319
22	320
3	320
4	320
3	320
26	127
12	127
127	127
30	127
35	127
127	127
3	127
4	127
3	127
26	125
26	125
125	125
26	125
26	125
30	125
26	321
25	25
26	322
16	322
17	322
3	322
4	322
3	322
69	323
26	323
26	69
69	69
3	69
4	69
3	69
324	324
32	35
31	35
31	35
32	35
32	35
22	35
31	35
30	35
30	35
35	35
12	35
27	35
35	35
12	35
12	35
22	35
30	35
27	35
35	35
27	35
32	35
32	35
30	35
30	35
30	35
30	35
35	35
35	35
30	35
35	35
30	35
325	35
30	35
35	35
30	35
35	35
35	35
35	35
35	35
30	35
30	35
35	35
35	35
32	35
32	35
35	35
32	35
32	35
27	35
35	35
27	35
39	35
39	35
39	35
30	35
27	35
30	35
35	35
35	35
12	35
12	35
12	35
186	35
186	35
35	35
35	35
32	35
32	35
32	35
54	35
12	35
12	35
12	35
32	35
32	35
32	35
32	35
32	35
32	35
32	35
32	35
32	35
32	35
32	35
32	35
32	35
12	35
12	35
12	35
30	35
30	35
12	35
32	35
35	35
12	35
12	35
30	35
12	35
12	35
32	35
32	35
32	35
30	35
30	35
32	35
70	35
30	35
30	35
35	35
30	35
35	35
35	35
30	35
57	35
35	35
35	35
57	35
57	35
57	35
57	35
35	35
30	35
35	35
30	35
30	35
30	35
35	35
30	35
30	35
30	35
30	35
32	35
32	35
30	35
30	35
27	35
32	35
32	35
35	35
32	35
35	35
35	35
35	35
12	35
12	35
35	35
12	35
32	35
12	35
30	35
12	35
22	35
30	35
12	35
22	35
30	35
12	35
30	35
30	35
30	35
12	35
35	35
35	35
30	35
30	35
30	35
35	35
35	35
30	35
35	35
27	35
35	35
27	35
30	35
30	35
27	35
27	35
30	35
35	35
30	35
12	35
35	35
35	35
12	35
12	35
12	35
30	35
35	35
30	35
35	35
30	35
35	35
35	35
30	35
30	35
30	35
326	35
30	35
35	35
35	35
30	35
30	35
35	35
35	35
30	35
35	35
35	35
30	35
30	35
35	35
12	35
12	35
12	35
32	35
32	35
30	35
32	35
32	35
32	35
35	35
32	35
32	35
32	35
32	35
32	35
32	35
32	35
32	35
326	35
35	35
326	35
326	35
326	35
30	35
30	35
30	35
30	35
30	35
35	35
35	35
30	35
30	35
35	35
30	35
30	35
35	35
30	35
35	35
30	35
35	35
30	35
35	35
30	35
35	35
35	35
30	35
30	35
30	35
30	35
56	35
27	35
32	35
32	35
32	35
327	35
32	35
32	35
35	35
35	35
12	35
328	35
32	35
32	35
12	35
12	35
12	35
40	35
32	35
32	35
12	35
32	35
32	35
32	35
32	35
32	35
32	35
32	35
32	35
248	35
40	35
40	35
30	35
30	35
30	35
35	35
30	35
30	35
35	35
30	35
30	35
30	35
70	35
35	35
70	35
70	35
70	35
70	35
30	35
30	35
30	35
30	35
35	35
30	35
35	35
30	35
35	35
30	35
30	35
30	35
35	35
30	35
12	35
35	35
35	35
30	35
35	35
35	35
30	35
30	35
35	35
30	35
30	35
32	35
35	35
35	35
24	35
12	35
30	35
27	35
12	35
70	35
26	35
32	35
68	35
71	35
35	35
12	35
35	35
57	35
57	35
71	35
35	35
73	35
73	35
73	35
35	35
73	35
30	35
73	35
73	35
73	35
73	35
73	35
73	35
73	35
39	35
217	35
73	35
73	35
35	35
35	35
73	35
30	35
30	35
30	35
30	35
35	35
35	35
30	35
30	35
27	35
73	35
16	35
12	35
16	35
16	35
17	35
12	35
12	35
92	35
100	35
100	35
100	35
100	35
329	35
329	35
329	35
103	35
35	35
35	35
30	35
35	35
30	35
35	35
30	35
35	35
27	35
132	35
35	35
30	35
30	35
35	35
60	35
35	35
35	35
30	35
35	35
30	35
35	35
27	35
27	35
39	35
39	35
39	35
27	35
27	35
35	35
88	35
35	35
35	35
35	35
35	35
27	35
27	35
35	35
330	35
35	35
30	35
88	35
35	35
35	35
35	35
35	35
39	35
39	35
93	35
73	35
35	35
30	35
35	35
35	35
93	35
93	35
30	35
30	35
27	35
27	35
30	35
35	35
30	35
30	35
30	35
30	35
30	35
30	35
30	35
93	35
27	35
27	35
30	35
30	35
30	35
30	35
39	35
39	35
39	35
39	35
35	35
39	35
39	35
39	35
39	35
39	35
39	35
39	35
39	35
27	35
93	35
331	35
60	35
93	35
27	35
35	35
93	35
30	35
35	35
35	35
35	35
93	35
141	35
93	35
30	35
30	35
30	35
30	35
35	35
30	35
35	35
30	35
93	35
332	35
332	35
35	35
35	35
332	35
35	35
35	35
332	35
332	35
332	35
35	35
27	35
30	35
35	35
332	35
332	35
332	35
332	35
35	35
332	35
332	35
332	35
35	35
93	35
93	35
332	35
332	35
93	35
332	35
30	35
93	35
93	35
60	35
30	35
30	35
27	35
35	35
88	35
88	35
30	35
30	35
93	35
99	35
39	35
27	35
27	35
132	35
93	35
105	35
106	35
170	35
333	35
3	35
169	35
32	334
3	334
4	334
3	334
26	335
3	335
4	335
3	335
24	336
32	336
337	337
24	338
32	338
339	338
24	340
32	340
26	341
33	341
3	341
4	341
3	341
24	342
32	342
24	343
32	343
24	344
345	344
345	344
32	346
39	346
347	347
32	348
30	348
30	348
348	348
30	348
348	348
30	348
30	348
348	348
30	348
30	348
348	348
30	348
136	348
136	348
93	348
93	348
348	348
348	348
93	348
348	348
93	348
348	348
348	348
93	348
93	348
93	348
348	348
348	348
348	348
348	348
348	348
93	348
93	348
348	348
348	348
93	348
348	348
93	348
348	348
93	348
348	348
348	348
136	348
136	348
348	348
93	348
348	348
348	348
93	348
348	348
348	348
93	348
348	348
93	348
348	348
348	348
136	348
325	325
35	325
3	325
4	325
3	325
32	349
32	32
32	32
32	32
39	350
3	350
351	350
39	247
39	247
39	247
32	247
32	247
32	247
352	352
32	57
32	57
32	57
24	57
30	57
70	57
70	57
60	57
35	57
70	57
35	57
70	57
70	57
30	57
35	57
35	57
58	57
58	57
12	57
12	57
30	57
30	57
58	57
58	57
32	57
27	57
29	57
29	57
29	57
29	57
60	57
60	57
32	57
32	57
60	57
32	57
35	57
12	57
30	57
35	57
60	57
30	57
30	57
35	57
60	57
57	57
57	57
58	57
58	57
12	57
16	57
17	57
39	57
32	353
57	353
353	353
353	353
30	353
353	353
353	353
3	353
4	353
3	353
32	70
30	70
32	70
70	70
32	70
32	70
70	70
12	70
12	70
12	70
32	70
32	70
32	70
139	70
139	70
139	70
139	70
35	70
35	70
139	70
57	70
32	70
32	70
57	70
57	70
57	70
35	70
70	70
70	70
57	70
57	70
57	70
57	70
35	70
30	70
354	70
354	70
35	70
35	70
35	70
35	70
35	70
35	70
35	70
30	70
30	70
12	70
73	70
73	70
73	70
73	70
355	70
356	70
356	70
356	70
30	70
30	70
12	70
172	70
12	37
32	357
32	357
357	357
32	357
32	357
357	357
32	357
357	357
357	357
32	357
35	357
32	357
16	357
17	357
39	357
39	358
12	359
22	359
32	360
360	360
59	360
67	67
67	67
361	67
67	67
67	67
32	362
32	362
57	362
3	362
4	362
3	362
12	363
12	363
3	363
4	363
3	363
364	364
32	365
365	365
365	365
32	365
185	365
32	366
64	64
64	367
32	368
32	369
32	369
369	369
32	369
32	370
32	32
32	32
32	32
32	32
62	62
35	371
3	371
4	371
3	371
32	40
40	40
35	40
30	40
35	40
35	40
40	40
35	40
27	40
30	40
40	40
30	40
30	40
30	40
30	40
40	40
30	40
32	40
40	40
32	40
40	40
32	40
40	40
328	40
328	40
40	40
328	40
40	40
32	40
40	40
32	40
40	40
32	40
304	40
35	40
32	40
30	40
30	40
30	40
30	40
32	40
32	40
32	40
30	40
40	40
30	40
30	40
30	40
30	40
32	40
32	40
32	40
32	40
32	40
30	40
32	40
30	40
30	40
32	40
30	40
30	40
30	40
40	40
25	40
30	40
30	40
27	40
40	40
40	40
30	40
27	40
40	40
328	40
328	40
328	40
40	40
30	40
30	40
30	40
40	40
32	40
32	40
32	40
30	40
35	40
35	40
30	40
30	40
40	40
12	40
30	40
30	40
27	40
30	40
30	40
40	40
40	40
30	40
167	40
30	40
30	40
40	40
30	40
30	40
30	40
40	40
40	40
73	40
73	40
30	40
12	40
40	40
73	40
30	40
30	40
30	40
73	40
30	40
30	40
30	40
12	40
12	40
30	40
30	40
30	40
40	40
30	40
12	40
12	40
40	40
30	40
30	40
30	40
30	40
30	40
30	40
30	40
27	40
30	40
27	40
30	40
12	40
16	40
17	40
40	40
73	40
73	40
30	40
40	40
30	40
372	40
12	40
40	40
88	40
40	40
73	40
99	40
88	40
40	40
39	40
39	40
39	40
88	40
40	40
39	40
39	40
40	40
39	40
39	40
39	40
39	40
373	40
132	40
93	40
40	40
93	40
30	40
40	40
93	40
164	40
374	40
112	40
26	32
26	32
32	32
26	32
32	32
26	32
26	32
26	32
26	32
26	32
26	32
31	32
26	32
26	32
26	32
26	32
12	32
47	32
47	32
239	32
47	32
47	32
47	32
47	32
29	32
29	32
29	32
29	32
12	32
12	32
39	32
27	32
34	32
31	32
31	32
31	32
31	32
12	32
30	32
32	32
32	32
54	32
54	32
30	32
31	32
32	32
12	32
30	32
30	32
30	32
30	32
30	32
30	32
12	32
12	32
12	32
12	32
39	32
27	32
27	32
39	32
39	32
22	32
39	32
55	32
30	32
30	32
30	32
30	32
22	32
22	32
39	32
30	32
12	32
12	32
56	32
30	32
12	32
294	32
294	32
30	32
54	32
32	32
39	32
39	32
12	32
12	32
375	32
12	32
30	32
32	32
32	32
32	32
39	32
32	32
32	32
32	32
12	32
33	32
30	32
32	32
22	32
33	32
30	32
30	32
30	32
30	32
12	32
22	32
22	32
22	32
12	32
54	32
12	32
54	32
32	32
32	32
12	32
32	32
32	32
12	32
39	32
26	32
26	32
26	32
26	32
12	32
12	32
26	32
26	32
22	32
26	32
26	32
26	32
26	32
26	32
26	32
26	32
12	32
12	32
32	32
12	32
29	32
29	32
22	32
22	32
12	32
29	32
32	32
32	32
32	32
12	32
22	32
12	32
33	32
33	32
32	32
30	32
30	32
32	32
30	32
32	32
29	32
30	32
33	32
30	32
39	32
39	32
39	32
33	32
30	32
12	32
22	32
33	32
12	32
12	32
34	32
22	32
12	32
30	32
30	32
26	32
26	32
26	32
22	32
12	32
12	32
22	32
39	32
22	32
22	32
12	32
35	32
31	32
22	32
12	32
30	32
27	32
32	32
186	32
32	32
35	32
35	32
35	32
30	32
30	32
32	32
12	32
31	32
31	32
12	32
12	32
22	32
186	32
22	32
30	32
30	32
30	32
31	32
39	32
39	32
39	32
31	32
31	32
31	32
30	32
39	32
39	32
39	32
31	32
30	32
32	32
32	32
32	32
30	32
39	32
30	32
30	32
32	32
32	32
39	32
35	32
35	32
27	32
32	32
32	32
35	32
35	32
27	32
27	32
32	32
32	32
27	32
39	32
39	32
37	32
37	32
30	32
30	32
39	32
30	32
30	32
30	32
27	32
30	32
35	32
32	32
35	32
35	32
35	32
52	32
27	32
139	32
139	32
54	32
54	32
65	32
35	32
32	32
39	32
35	32
35	32
52	32
35	32
35	32
82	32
32	32
12	32
35	32
35	32
376	32
32	32
32	32
376	32
55	32
39	32
39	32
35	32
35	32
35	32
35	32
32	32
35	32
30	32
30	32
32	32
30	32
22	32
22	32
30	32
30	32
30	32
30	32
35	32
35	32
35	32
22	32
32	32
70	32
30	32
35	32
376	32
32	32
27	32
32	32
32	32
32	32
32	32
32	32
30	32
35	32
30	32
32	32
30	32
32	32
32	32
58	32
30	32
30	32
30	32
60	32
32	32
30	32
30	32
32	32
30	32
60	32
30	32
30	32
32	32
30	32
32	32
35	32
30	32
32	32
30	32
30	32
32	32
30	32
32	32
30	32
30	32
35	32
35	32
35	32
30	32
30	32
32	32
32	32
30	32
30	32
32	32
30	32
32	32
30	32
35	32
12	32
35	32
32	32
35	32
12	32
12	32
12	32
12	32
30	32
30	32
12	32
12	32
30	32
30	32
12	32
30	32
32	32
12	32
30	32
12	32
12	32
12	32
32	32
32	32
227	32
32	32
35	32
32	32
35	32
35	32
32	32
32	32
35	32
60	32
60	32
35	32
35	32
35	32
32	32
29	32
35	32
32	32
35	32
57	32
35	32
35	32
35	32
35	32
35	32
30	32
30	32
30	32
30	32
30	32
30	32
32	32
30	32
35	32
32	32
30	32
30	32
30	32
35	32
30	32
35	32
30	32
35	32
35	32
32	32
32	32
30	32
29	32
40	32
12	32
377	32
40	32
32	32
12	32
35	32
32	32
35	32
35	32
12	32
12	32
35	32
35	32
12	32
40	32
12	32
32	32
32	32
35	32
12	32
32	32
30	32
32	32
12	32
30	32
32	32
30	32
30	32
32	32
39	32
32	32
39	32
32	32
39	32
39	32
39	32
39	32
30	32
39	32
32	32
39	32
32	32
39	32
39	32
39	32
30	32
40	32
32	32
39	32
39	32
39	32
39	32
39	32
40	32
39	32
39	32
39	32
39	32
247	32
39	32
39	32
247	32
32	32
32	32
39	32
39	32
39	32
32	32
39	32
12	32
39	32
39	32
40	32
40	32
40	32
12	32
32	32
32	32
32	32
26	32
25	32
30	32
12	32
52	32
26	32
39	32
39	32
40	32
30	32
32	32
30	32
40	32
32	32
32	32
12	32
32	32
30	32
32	32
32	32
27	32
39	32
39	32
39	32
30	32
39	32
39	32
378	32
35	32
12	32
30	32
12	32
30	32
30	32
30	32
30	32
40	32
32	32
32	32
30	32
32	32
32	32
32	32
32	32
121	32
40	32
30	32
40	32
35	32
35	32
32	32
26	32
39	32
39	32
90	32
90	32
30	32
32	32
73	32
32	32
73	32
73	32
73	32
73	32
73	32
73	32
78	32
379	32
16	32
12	32
16	32
16	32
17	32
12	32
12	32
88	32
32	32
253	32
88	32
132	32
380	32
39	32
112	32
169	32
169	32
32	32
32	381
3	381
4	381
3	381
382	382
22	16
35	16
16	16
57	16
383	16
12	16
384	16
30	16
40	16
30	16
40	16
40	16
16	16
40	16
40	16
40	16
40	16
30	16
384	16
385	16
385	16
30	16
30	16
40	16
16	16
40	16
27	16
30	16
16	16
30	16
16	16
16	16
27	16
30	16
30	16
12	16
12	16
12	16
12	16
12	16
12	16
12	16
16	16
12	16
30	16
16	16
12	16
12	16
12	16
12	16
12	16
39	16
12	16
88	16
30	16
39	16
35	386
3	386
4	386
3	386
35	304
30	304
40	304
32	304
30	304
30	304
387	387
32	387
35	326
30	378
30	378
30	378
378	378
30	378
30	378
32	378
32	378
378	378
378	378
32	378
32	378
32	378
32	378
32	378
39	378
39	378
378	378
27	378
30	378
378	378
30	378
30	378
30	378
30	378
27	378
39	378
39	378
39	388
32	32
32	32
32	32
32	32
32	32
32	32
32	32
32	32
32	32
32	32
32	389
32	389
389	389
39	389
32	389
32	389
389	389
389	389
35	390
32	391
32	391
30	391
90	90
32	90
30	90
35	392
393	393
30	393
35	328
328	328
35	328
40	328
328	328
328	328
32	328
32	328
328	328
328	328
35	328
35	328
328	328
40	328
32	328
30	328
30	328
32	394
3	394
4	394
3	394
35	395
35	395
396	396
396	396
12	396
397	396
32	398
32	398
35	327
35	327
35	327
327	327
32	327
12	327
12	327
35	35
365	35
32	35
35	35
35	35
35	35
35	35
35	399
32	399
399	399
32	399
30	399
30	399
32	400
401	401
32	32
32	32
32	172
70	172
27	172
27	172
93	172
172	172
93	172
172	172
39	172
39	172
39	172
136	172
27	172
136	172
136	172
136	172
136	172
136	172
172	172
172	172
93	172
172	172
27	172
172	172
136	172
172	172
136	172
172	172
136	172
136	172
172	172
136	172
136	172
136	172
136	172
172	172
136	172
136	172
136	172
172	172
136	172
172	172
136	172
172	172
136	172
136	172
172	172
136	172
172	172
136	172
172	172
136	172
172	172
172	172
27	172
172	172
3	172
136	172
172	172
136	172
402	172
172	172
402	172
172	172
402	172
172	172
402	172
172	172
27	172
27	172
172	172
136	172
172	172
77	77
77	77
77	77
12	403
32	404
404	404
39	405
30	32
12	406
12	406
32	407
32	408
32	409
32	410
70	354
70	354
354	354
32	411
412	412
32	413
12	413
413	413
32	414
32	415
416	416
52	52
4	52
35	417
3	417
4	417
3	417
35	418
419	419
420	420
421	421
3	421
78	78
30	78
30	78
35	422
35	422
35	422
35	422
12	422
88	422
422	422
93	422
422	422
176	422
35	423
35	423
35	423
424	424
35	88
30	88
30	88
30	88
88	88
73	88
73	88
88	88
60	88
60	88
88	88
88	88
88	88
88	88
88	88
88	88
88	88
88	88
88	88
88	88
60	88
88	88
60	88
30	88
30	88
30	88
30	88
30	88
30	88
12	88
73	88
73	88
12	88
88	88
88	88
12	88
30	88
425	88
16	88
30	88
88	88
30	88
88	88
30	88
88	88
30	88
30	88
30	88
88	88
30	88
88	88
12	88
88	88
30	88
88	88
88	88
17	88
27	88
30	88
88	88
30	88
88	88
73	88
30	88
88	88
73	88
30	88
30	88
88	88
88	88
73	88
88	88
88	88
73	88
88	88
30	88
88	88
30	88
73	88
88	88
12	88
27	88
88	88
30	88
88	88
73	88
88	88
30	88
88	88
73	88
30	88
73	88
88	88
88	88
88	88
73	88
73	88
88	88
73	88
73	88
26	88
26	88
88	88
30	88
88	88
30	88
88	88
73	88
73	88
167	88
30	88
30	88
88	88
30	88
88	88
30	88
88	88
30	88
88	88
30	88
30	88
88	88
30	88
88	88
30	88
88	88
30	88
30	88
30	88
30	88
30	88
30	88
30	88
167	88
39	88
30	88
30	88
30	88
30	88
12	88
88	88
88	88
26	88
26	88
93	88
88	88
27	88
88	88
30	88
88	88
73	88
88	88
167	88
27	88
27	88
73	88
12	88
30	88
88	88
26	88
88	88
26	88
426	88
426	88
426	88
39	88
88	88
39	88
88	88
96	88
88	88
30	88
96	88
88	88
88	88
96	88
88	88
96	88
96	88
73	88
73	88
73	88
88	88
96	88
88	88
73	88
39	88
39	88
88	88
88	88
39	88
88	88
30	88
88	88
88	88
30	88
88	88
88	88
39	88
30	88
88	88
39	88
60	88
88	88
39	88
88	88
30	88
88	88
88	88
30	88
88	88
39	88
88	88
39	88
39	88
88	88
39	88
39	88
88	88
39	88
39	88
39	88
30	88
88	88
30	88
39	88
39	88
30	88
88	88
30	88
30	88
88	88
30	88
88	88
39	88
30	88
88	88
88	88
39	88
88	88
39	88
27	88
88	88
88	88
27	88
27	88
88	88
39	88
88	88
30	88
30	88
30	88
88	88
30	88
39	88
33	88
30	88
88	88
33	88
88	88
88	88
88	88
60	88
60	88
27	88
88	88
73	88
88	88
73	88
30	88
33	88
33	88
30	88
88	88
30	88
33	88
27	88
88	88
88	88
88	88
33	88
33	88
88	88
60	88
33	88
33	88
33	88
33	88
33	88
39	88
88	88
33	88
88	88
98	88
88	88
30	88
98	88
30	88
30	88
30	88
88	88
30	88
88	88
30	88
88	88
30	88
88	88
48	88
88	88
73	88
30	88
88	88
88	88
73	88
30	88
88	88
30	88
30	88
30	88
12	88
12	88
427	88
88	88
427	88
88	88
30	88
99	88
30	88
98	88
153	88
88	88
153	88
88	88
88	88
48	88
30	88
73	88
88	88
88	88
132	88
60	88
60	88
30	88
88	88
155	88
88	88
88	88
30	88
30	88
100	88
88	88
88	88
100	88
88	88
27	88
93	88
88	88
88	88
27	88
88	88
73	88
30	88
100	88
100	88
100	88
100	88
30	88
100	88
100	88
100	88
30	88
88	88
30	88
88	88
30	88
30	88
88	88
30	88
30	88
73	88
88	88
30	88
30	88
30	88
30	88
88	88
88	88
30	88
88	88
30	88
88	88
88	88
30	88
73	88
88	88
30	88
30	88
27	88
306	88
88	88
306	88
88	88
306	88
27	88
428	88
30	88
27	88
39	88
88	88
132	88
132	88
93	88
30	88
157	88
157	88
30	88
157	88
88	88
157	88
88	88
157	88
88	88
157	88
157	88
88	88
157	88
157	88
157	88
88	88
88	88
157	88
88	88
88	88
157	88
157	88
157	88
88	88
157	88
157	88
272	88
88	88
132	88
157	88
157	88
88	88
88	88
39	88
39	88
39	88
39	88
88	88
30	88
30	88
39	88
30	88
30	88
88	88
88	88
88	88
429	88
88	88
88	88
429	88
39	88
30	88
88	88
88	88
429	88
429	88
39	88
39	88
429	88
429	88
429	88
429	88
429	88
429	88
429	88
429	88
429	88
39	88
103	88
88	88
430	88
60	88
60	88
29	88
88	88
88	88
60	88
88	88
60	88
88	88
29	88
60	88
35	88
88	88
35	88
35	88
35	88
35	88
35	88
73	88
88	88
88	88
35	88
35	88
30	88
88	88
35	88
35	88
30	88
30	88
30	88
30	88
30	88
30	88
30	88
35	88
88	88
35	88
192	88
30	88
30	88
35	88
30	88
48	88
39	88
88	88
39	88
88	88
132	88
88	88
431	88
432	88
93	88
30	88
30	88
30	88
30	88
433	88
27	88
136	88
88	88
136	88
93	88
133	88
93	88
93	88
30	88
30	88
30	88
164	88
164	88
30	88
30	88
27	88
153	88
153	88
153	88
136	88
171	88
171	88
171	88
88	88
171	88
171	88
88	88
171	88
136	88
171	88
136	88
88	88
136	88
136	88
88	88
136	88
93	88
136	88
93	88
136	88
136	88
27	88
30	88
30	88
136	88
88	88
136	88
30	88
136	88
88	88
136	88
136	88
93	88
136	88
93	88
136	88
88	88
30	88
30	88
88	88
136	88
30	88
136	88
30	88
88	88
30	88
136	88
88	88
30	88
30	88
30	88
136	88
136	88
136	88
39	88
88	88
434	88
136	88
136	88
136	88
88	88
136	88
88	88
136	88
88	88
136	88
30	88
30	88
88	88
136	88
422	88
136	88
88	88
88	88
136	88
136	88
88	88
136	88
88	88
30	88
136	88
136	88
88	88
30	88
136	88
136	88
136	88
88	88
88	88
27	88
136	88
88	88
136	88
136	88
88	88
136	88
136	88
88	88
136	88
136	88
136	88
136	88
88	88
136	88
88	88
88	88
136	88
30	88
435	88
30	88
436	88
436	88
30	88
30	88
435	88
39	88
136	88
30	88
30	88
136	88
88	88
88	88
136	88
136	88
136	88
136	88
435	88
30	88
88	88
435	88
88	88
35	437
35	438
439	439
89	89
424	75
67	440
61	61
30	61
61	61
61	61
441	61
442	61
30	443
444	444
445	444
442	442
77	442
442	442
442	442
72	72
30	72
12	446
12	447
58	447
447	447
12	447
73	447
447	447
73	447
16	447
30	447
17	447
447	447
88	447
447	447
447	447
447	447
88	447
88	447
447	447
88	447
88	447
27	447
88	447
447	447
88	447
33	447
447	447
33	447
447	447
33	447
99	447
60	447
60	447
447	447
447	447
60	447
447	447
30	447
60	447
447	447
447	447
30	447
447	447
73	447
447	447
30	447
30	447
447	447
73	447
88	447
447	447
88	447
447	447
88	447
12	448
3	448
4	448
3	448
12	449
3	449
4	449
3	449
12	450
12	451
12	452
12	452
3	452
4	452
3	452
40	167
90	167
39	167
88	167
88	167
30	167
30	167
99	167
167	167
30	167
35	167
35	167
30	167
27	167
27	167
93	167
93	167
93	167
93	167
27	167
27	167
27	167
168	167
168	167
93	167
93	167
39	167
39	167
27	167
33	167
88	167
33	167
88	167
33	167
132	167
33	167
33	167
167	167
88	167
33	167
30	167
30	167
136	167
167	167
136	167
27	167
3	167
27	167
39	453
453	453
39	454
455	455
30	73
35	73
35	73
35	73
70	73
70	73
70	73
35	73
35	73
70	73
70	73
35	73
35	73
35	73
35	73
40	73
35	73
35	73
30	73
40	73
30	73
30	73
27	73
39	73
32	73
30	73
30	73
30	73
30	73
27	73
40	73
30	73
30	73
30	73
30	73
30	73
30	73
30	73
30	73
30	73
30	73
30	73
30	73
30	73
27	73
30	73
30	73
30	73
30	73
30	73
27	73
30	73
30	73
30	73
30	73
27	73
30	73
30	73
30	73
30	73
27	73
30	73
30	73
35	73
27	73
30	73
30	73
30	73
30	73
30	73
30	73
30	73
27	73
27	73
27	73
30	73
30	73
30	73
30	73
30	73
30	73
30	73
30	73
30	73
30	73
30	73
30	73
30	73
30	73
30	73
30	73
30	73
30	73
30	73
30	73
30	73
30	73
30	73
30	73
30	73
30	73
30	73
30	73
30	73
30	73
30	73
30	73
73	73
30	73
30	73
30	73
30	73
30	73
30	73
30	73
30	73
30	73
30	73
30	73
27	73
30	73
30	73
30	73
30	73
30	73
30	73
30	73
30	73
39	73
27	73
30	73
30	73
30	73
30	73
30	73
27	73
30	73
30	73
30	73
30	73
30	73
27	73
60	73
30	73
30	73
30	73
30	73
30	73
30	73
88	73
30	73
30	73
30	73
30	73
30	73
27	73
30	73
39	73
30	73
30	73
30	73
30	73
30	73
30	73
30	73
39	73
30	73
30	73
27	73
27	73
27	73
456	73
27	73
30	73
30	73
30	73
27	73
30	73
30	73
27	73
27	73
30	73
39	73
30	73
30	73
30	73
30	73
27	73
30	73
30	73
12	73
88	73
88	73
88	73
57	73
27	73
30	73
30	73
12	73
27	73
27	73
149	73
30	73
27	73
27	73
27	73
27	73
27	73
93	73
12	73
30	73
91	73
30	73
30	73
88	73
12	73
12	73
27	73
30	73
27	73
27	73
88	73
88	73
88	73
30	73
73	73
88	73
73	73
88	73
88	73
73	73
40	73
12	73
12	73
26	73
26	73
88	73
88	73
88	73
73	73
88	73
88	73
88	73
30	73
88	73
73	73
27	73
27	73
88	73
88	73
88	73
88	73
39	73
151	73
27	73
30	73
88	73
30	73
30	73
30	73
30	73
30	73
39	73
39	73
39	73
30	73
27	73
30	73
27	73
27	73
30	73
88	73
30	73
30	73
88	73
88	73
88	73
88	73
88	73
30	73
30	73
88	73
88	73
30	73
30	73
30	73
30	73
30	73
30	73
88	73
88	73
30	73
30	73
30	73
30	73
30	73
30	73
30	73
30	73
33	73
33	73
30	73
30	73
33	73
33	73
30	73
88	73
30	73
88	73
73	73
88	73
30	73
30	73
30	73
73	73
30	73
30	73
30	73
30	73
88	73
30	73
30	73
30	73
96	73
96	73
30	73
457	73
30	73
30	73
30	73
30	73
73	73
30	73
27	73
27	73
27	73
30	73
30	73
27	73
30	73
27	73
30	73
30	73
27	73
30	73
30	73
27	73
27	73
93	73
93	73
93	73
30	73
27	73
60	73
73	73
30	73
30	73
30	73
39	73
30	73
27	73
30	73
27	73
27	73
27	73
27	73
30	73
30	73
30	73
99	73
99	73
99	73
39	73
30	73
30	73
30	73
30	73
30	73
30	73
88	73
30	73
30	73
30	73
39	73
88	73
30	73
39	73
60	73
30	73
30	73
30	73
30	73
39	73
39	73
30	73
30	73
100	73
100	73
100	73
100	73
100	73
30	73
30	73
30	73
30	73
30	73
30	73
30	73
88	73
30	73
40	73
39	73
39	73
30	73
30	73
30	73
73	73
30	73
30	73
40	73
30	73
30	73
48	73
29	73
155	73
30	73
30	73
30	73
30	73
39	73
39	73
30	73
27	73
458	73
30	73
30	73
30	73
30	73
30	73
299	73
39	73
30	73
27	73
30	73
30	73
30	73
30	73
30	73
30	73
30	73
39	73
39	73
30	73
27	73
30	73
30	73
35	73
27	73
35	73
27	73
27	73
30	73
39	73
39	73
35	73
27	73
39	73
30	73
30	73
30	73
35	73
30	73
30	73
30	73
39	73
30	73
30	73
39	73
39	73
30	73
30	73
30	73
30	73
93	73
27	73
30	73
30	73
30	73
30	73
30	73
30	73
30	73
30	73
459	73
93	73
30	73
460	460
3	460
4	460
3	460
461	461
461	461
39	462
35	463
35	463
112	463
3	463
4	463
3	463
464	464
464	464
465	465
445	445
445	445
3	445
445	445
466	466
466	466
30	466
467	467
74	467
35	468
30	265
30	265
60	265
3	265
4	265
3	265
74	74
469	469
470	470
471	471
471	471
471	471
472	471
473	473
473	473
474	474
39	475
459	459
361	459
459	459
459	459
156	459
156	459
156	459
459	459
156	459
459	459
476	476
476	476
477	477
361	361
478	361
361	361
3	361
4	361
3	361
361	79
361	479
361	480
361	481
30	481
30	481
361	482
361	483
361	345
30	345
361	484
361	485
361	486
361	487
361	488
361	489
489	489
30	489
361	490
361	491
361	492
361	493
361	494
361	495
361	496
361	497
361	498
361	499
361	500
361	501
361	502
361	503
361	504
27	27
361	505
505	505
361	506
361	507
361	508
361	509
361	510
361	112
112	112
112	112
361	511
361	512
361	513
361	514
361	515
361	516
361	517
361	518
361	519
361	520
361	521
361	522
361	523
361	524
361	525
361	526
361	527
3	527
4	527
3	527
361	528
361	529
361	530
361	531
3	531
4	531
3	531
361	532
361	533
361	534
535	535
535	536
537	537
537	537
40	538
40	538
40	538
539	539
539	540
541	541
77	542
543	543
543	543
544	544
39	545
546	546
30	547
3	547
4	547
3	547
548	548
548	548
549	549
550	550
551	551
552	552
553	553
554	554
555	555
556	556
30	128
40	164
30	164
30	164
27	164
164	164
132	164
164	164
557	164
557	164
164	164
164	164
27	164
164	164
30	164
164	164
164	164
156	164
93	164
164	164
39	164
164	164
30	164
30	164
163	164
164	164
164	164
105	164
164	164
164	164
39	164
164	164
105	164
105	164
105	164
105	164
105	164
105	164
105	164
105	164
105	164
105	164
105	164
105	164
105	164
105	164
105	164
105	164
105	164
105	164
105	164
105	164
105	164
558	164
105	164
105	164
105	164
105	164
105	164
105	164
105	164
105	164
105	164
105	164
105	164
105	164
3	164
3	164
3	164
3	164
3	164
3	164
3	164
3	164
3	164
3	164
27	164
3	164
132	164
132	164
164	164
30	164
30	164
3	164
3	164
3	164
3	164
164	164
132	164
164	164
164	164
164	164
3	164
3	164
3	164
27	164
164	164
3	164
3	164
3	164
3	164
3	164
3	164
3	164
3	164
3	164
3	164
3	164
3	164
3	164
3	164
3	164
3	164
3	164
3	164
3	164
3	164
3	164
3	164
3	164
3	164
3	164
3	164
3	164
3	164
3	164
3	164
3	164
3	164
3	164
3	164
3	164
3	164
3	164
3	164
3	164
3	164
3	164
3	164
3	164
3	164
3	164
3	164
3	164
3	164
3	164
3	164
3	164
3	164
3	164
3	164
3	164
3	164
3	164
3	164
3	164
3	164
3	164
3	164
3	164
3	164
3	164
3	164
3	164
3	164
3	164
3	164
3	164
3	164
3	164
3	164
3	164
3	164
3	164
3	164
3	164
3	164
3	164
3	164
3	164
3	164
559	559
30	81
81	81
81	81
30	81
81	81
81	81
27	81
81	81
30	81
30	560
30	560
561	560
562	560
563	563
563	563
563	563
564	564
565	565
566	566
566	566
157	566
566	566
84	84
30	567
30	568
568	568
30	568
30	568
30	568
30	568
568	568
30	568
568	568
30	568
30	96
30	96
27	96
30	96
96	96
30	96
12	96
27	96
96	96
30	96
96	96
30	96
96	96
30	96
96	96
96	96
48	96
30	96
39	96
39	96
30	96
96	96
30	96
96	96
30	96
30	96
96	96
27	96
96	96
30	96
27	96
30	96
30	96
60	96
96	96
88	96
96	96
73	96
12	96
60	96
96	96
16	96
17	96
27	96
27	96
27	96
96	96
27	96
96	96
39	96
88	96
96	96
88	96
88	96
96	96
39	96
88	96
88	96
39	96
88	96
88	96
88	96
88	96
30	96
30	96
30	96
30	96
39	96
39	96
39	96
12	96
12	96
12	96
73	96
73	96
93	96
30	96
88	96
88	96
27	96
30	96
30	96
96	96
30	96
27	96
30	96
30	96
39	96
39	96
39	96
35	96
96	96
35	96
35	96
35	96
30	96
30	96
30	96
35	96
30	96
35	96
35	96
35	96
35	96
35	96
30	96
30	96
30	96
35	96
96	96
35	96
27	96
30	96
30	96
30	96
30	96
39	96
569	96
569	96
457	96
570	570
39	12
39	12
30	161
96	161
161	161
161	161
161	161
30	161
161	161
163	161
161	161
161	161
30	161
30	161
161	161
30	161
30	161
30	161
161	161
30	161
30	161
161	161
161	161
161	161
168	161
168	161
30	571
572	572
30	573
30	573
12	573
573	573
573	573
573	573
574	574
33	574
575	575
30	576
577	577
577	577
578	578
429	578
578	578
429	578
578	578
578	578
429	578
578	578
578	578
429	578
429	578
429	578
429	578
578	578
30	579
30	579
30	579
579	579
30	579
30	579
30	579
30	580
39	580
30	580
580	580
581	581
87	87
30	87
30	87
27	87
27	87
27	27
27	27
33	27
30	93
30	93
30	93
30	93
30	93
30	93
149	93
88	93
73	93
30	93
73	93
30	93
73	93
30	93
93	93
73	93
30	93
88	93
88	93
27	93
73	93
73	93
99	93
30	93
30	93
30	93
88	93
96	93
30	93
458	93
27	93
88	93
156	93
132	93
30	93
40	93
27	93
35	93
35	93
35	93
35	93
35	93
35	93
35	93
35	93
35	93
30	93
27	93
35	93
35	93
35	93
245	93
35	93
35	93
30	93
35	93
99	93
93	93
93	93
35	93
35	93
39	93
35	93
35	93
35	93
35	93
35	93
35	93
30	93
35	93
35	93
35	93
35	93
35	93
35	93
35	93
35	93
35	93
35	93
35	93
35	93
35	93
35	93
35	93
35	93
35	93
35	93
39	93
39	93
39	93
39	93
39	93
332	93
332	93
39	93
39	93
39	93
39	93
35	93
39	93
39	93
30	93
39	93
40	93
39	93
39	93
39	93
245	93
132	93
73	93
27	93
73	93
39	93
582	93
582	93
93	93
162	93
39	93
39	93
156	93
156	93
156	93
156	93
156	93
156	93
162	93
39	93
39	93
162	93
164	93
39	93
39	93
39	93
39	93
136	93
88	93
133	93
132	93
27	93
27	93
27	93
27	93
167	93
33	93
161	93
161	93
161	93
39	93
27	93
136	93
136	93
93	93
136	93
136	93
93	93
136	93
136	93
93	93
136	93
93	93
136	93
93	93
136	93
93	93
33	93
172	93
136	93
93	93
136	93
136	93
136	93
39	93
39	93
39	93
39	93
39	93
39	93
136	93
93	93
136	93
93	93
93	93
93	93
93	93
136	93
136	93
93	93
136	93
136	93
93	93
136	93
136	93
93	93
30	93
136	93
93	93
173	93
136	93
136	93
93	93
136	93
93	93
136	93
93	93
136	93
136	93
93	93
136	93
136	93
136	93
136	93
30	93
93	93
136	93
93	93
136	93
93	93
136	93
3	93
136	93
93	93
136	93
136	93
93	93
136	93
136	93
30	93
93	93
136	93
136	93
93	93
136	93
93	93
136	93
348	93
348	93
348	93
348	93
348	93
348	93
348	93
348	93
348	93
348	93
348	93
348	93
348	93
348	93
348	93
348	93
348	93
348	93
348	93
348	93
348	93
348	93
39	93
176	93
348	93
348	93
176	93
176	93
176	93
176	93
30	583
30	583
583	583
88	427
73	427
88	584
3	584
4	584
3	584
88	585
58	58
4	58
93	30
58	30
12	30
39	30
121	30
149	30
73	30
39	30
12	30
73	30
73	30
30	30
149	30
305	30
217	30
88	30
88	30
73	30
30	30
88	30
88	30
73	30
88	30
586	30
30	30
73	30
88	30
88	30
12	30
88	30
30	30
88	30
73	30
88	30
73	30
88	30
587	30
73	30
73	30
73	30
30	30
88	30
73	30
88	30
88	30
88	30
30	30
88	30
88	30
30	30
30	30
39	30
88	30
88	30
88	30
88	30
88	30
26	30
26	30
39	30
73	30
30	30
39	30
73	30
27	30
27	30
27	30
27	30
73	30
167	30
73	30
27	30
73	30
27	30
73	30
73	30
60	30
27	30
73	30
30	30
73	30
98	30
48	30
39	30
48	30
73	30
73	30
48	30
73	30
73	30
27	30
30	30
30	30
73	30
30	30
73	30
30	30
88	30
30	30
30	30
88	30
48	30
48	30
30	30
73	30
39	30
39	30
39	30
73	30
73	30
73	30
73	30
99	30
99	30
99	30
93	30
93	30
39	30
306	30
27	30
60	30
73	30
30	30
73	30
88	30
60	30
88	30
73	30
30	30
88	30
88	30
30	30
306	30
30	30
88	30
30	30
30	30
73	30
30	30
100	30
100	30
100	30
88	30
30	30
88	30
73	30
73	30
73	30
96	30
30	30
73	30
93	30
73	30
39	30
73	30
73	30
73	30
30	30
30	30
27	30
30	30
73	30
73	30
27	30
27	30
30	30
373	30
27	30
30	30
588	30
265	30
30	30
27	30
30	30
27	30
30	30
27	30
27	30
30	30
30	30
27	30
27	30
27	30
30	30
132	30
39	30
27	30
93	30
30	30
132	30
132	30
27	30
30	30
30	30
132	30
589	30
589	30
589	30
93	30
30	30
228	30
27	30
30	30
157	30
30	30
157	30
27	30
30	30
88	30
157	30
30	30
60	30
157	30
30	30
157	30
30	30
88	30
157	30
30	30
157	30
590	30
590	30
590	30
159	30
159	30
27	30
265	30
30	30
265	30
27	30
27	30
27	30
27	30
132	30
99	30
99	30
99	30
39	30
590	30
30	30
39	30
41	30
30	30
99	30
30	30
132	30
41	30
30	30
591	30
27	30
30	30
160	30
160	30
428	30
591	30
27	30
30	30
30	30
99	30
30	30
288	30
288	30
99	30
30	30
99	30
27	30
30	30
30	30
27	30
30	30
160	30
591	30
30	30
39	30
30	30
39	30
30	30
27	30
27	30
27	30
27	30
35	30
30	30
96	30
27	30
35	30
35	30
30	30
73	30
96	30
35	30
96	30
30	30
39	30
39	30
39	30
39	30
35	30
39	30
39	30
35	30
30	30
35	30
35	30
30	30
35	30
35	30
35	30
30	30
35	30
35	30
35	30
30	30
288	30
35	30
27	30
27	30
35	30
35	30
35	30
35	30
30	30
30	30
27	30
30	30
39	30
30	30
30	30
39	30
35	30
35	30
35	30
35	30
35	30
30	30
35	30
35	30
30	30
30	30
35	30
30	30
30	30
30	30
39	30
39	30
30	30
39	30
39	30
39	30
30	30
35	30
30	30
60	30
30	30
60	30
30	30
35	30
96	30
96	30
39	30
39	30
39	30
35	30
35	30
35	30
30	30
35	30
35	30
35	30
39	30
35	30
35	30
35	30
39	30
35	30
35	30
39	30
35	30
30	30
30	30
30	30
30	30
27	30
30	30
27	30
30	30
590	30
590	30
590	30
590	30
590	30
88	30
30	30
156	30
35	30
39	30
35	30
35	30
35	30
88	30
35	30
30	30
30	30
35	30
35	30
35	30
35	30
27	30
27	30
27	30
30	30
35	30
35	30
30	30
30	30
30	30
30	30
30	30
39	30
35	30
88	30
88	30
30	30
30	30
27	30
30	30
27	30
27	30
27	30
30	30
39	30
93	30
30	30
30	30
30	30
30	30
39	30
39	30
161	30
164	30
30	30
73	30
73	30
30	30
39	30
39	30
73	30
39	30
30	30
88	30
30	30
73	30
30	30
132	30
73	30
39	30
27	30
27	30
30	30
27	30
30	30
27	30
30	30
27	30
27	30
39	30
592	30
39	30
592	30
73	30
96	30
27	30
39	30
30	30
27	30
41	30
41	30
582	30
30	30
582	30
582	30
39	30
593	30
39	30
27	30
30	30
73	30
30	30
73	30
27	30
30	30
27	30
30	30
30	30
30	30
39	30
73	30
39	30
27	30
39	30
39	30
39	30
39	30
39	30
39	30
39	30
39	30
39	30
39	30
39	30
39	30
161	30
161	30
27	30
162	30
30	30
30	30
30	30
27	30
594	30
164	30
30	30
88	30
30	30
39	30
39	30
27	30
27	30
30	30
30	30
30	30
27	30
30	30
30	30
132	30
39	30
30	30
39	30
169	30
27	30
27	30
30	30
308	30
30	30
39	30
595	30
39	30
27	30
88	30
136	30
30	30
39	30
30	30
228	30
30	30
228	30
228	30
593	30
30	30
27	30
27	30
27	30
30	30
27	30
27	30
132	30
39	30
27	30
30	30
88	30
27	30
161	30
161	30
161	30
161	30
161	30
161	30
30	30
161	30
161	30
161	30
161	30
161	30
161	30
30	30
168	30
30	30
168	30
30	30
168	30
168	30
168	30
168	30
30	30
168	30
168	30
30	30
168	30
39	30
596	30
596	30
596	30
596	30
596	30
596	30
596	30
169	30
169	30
169	30
39	30
136	30
169	30
136	30
136	30
30	30
136	30
30	30
88	30
39	30
88	30
30	30
593	30
30	30
397	30
30	30
30	30
39	30
30	30
136	30
30	30
30	30
136	30
136	30
30	30
136	30
457	30
457	30
457	30
163	30
88	30
39	30
136	30
30	30
136	30
136	30
136	30
136	30
30	30
136	30
136	30
30	30
136	30
136	30
30	30
136	30
27	30
30	30
39	30
27	30
27	30
30	30
27	30
136	30
30	30
217	30
217	30
30	30
217	30
30	30
172	30
112	30
39	30
39	30
39	30
172	30
30	30
39	30
30	30
27	30
27	30
30	30
27	30
30	30
173	30
136	30
136	30
30	30
136	30
597	30
597	30
597	30
27	30
27	30
27	30
30	30
30	30
136	30
39	30
39	30
39	30
3	30
169	30
169	30
169	30
136	30
39	30
30	30
39	30
136	30
169	30
169	30
174	30
136	30
30	30
136	30
27	30
27	30
30	30
39	30
169	30
598	599
598	598
30	600
103	601
88	372
40	372
3	372
4	372
3	372
30	602
30	602
30	602
12	602
12	602
12	602
602	602
602	602
602	602
602	602
12	602
602	602
12	602
12	602
30	602
12	602
602	602
602	602
602	602
12	602
602	602
602	602
602	602
602	602
12	602
12	602
12	602
12	602
12	602
12	602
602	602
602	602
30	602
12	602
602	602
602	602
12	602
12	602
602	602
602	602
30	430
430	430
561	430
562	430
603	430
430	430
12	603
3	603
4	603
3	603
12	561
12	290
12	290
604	604
77	604
88	605
606	606
88	606
606	606
16	607
17	607
39	607
16	608
17	608
3	608
4	608
3	608
609	609
610	610
88	611
3	611
4	611
3	611
612	613
612	613
12	17
30	17
30	614
12	614
12	614
184	184
184	184
184	184
615	615
88	616
30	616
616	616
616	616
30	616
30	616
93	616
616	616
35	616
30	616
35	616
35	616
35	616
30	616
39	616
30	616
616	616
30	616
617	617
88	98
98	98
30	98
98	98
30	98
88	618
619	619
619	619
26	26
26	26
26	26
26	26
26	26
26	26
26	26
26	26
26	26
26	26
26	26
26	620
252	252
88	621
622	622
12	12
88	623
624	624
88	625
73	625
3	625
4	625
3	625
626	626
254	626
88	627
73	628
628	628
12	628
12	628
30	94
30	94
94	94
94	94
30	94
94	94
78	94
30	94
3	94
4	94
3	94
88	629
88	629
629	629
88	629
629	629
629	629
88	629
228	629
629	629
629	629
228	629
30	629
30	629
30	629
228	629
228	629
228	629
228	629
30	629
30	629
228	629
30	629
629	629
30	629
629	629
30	629
30	629
93	629
167	426
167	426
88	426
88	426
426	426
88	426
167	426
88	426
88	426
39	426
426	426
426	426
88	426
88	426
33	426
426	426
88	426
167	426
426	426
167	426
426	426
630	630
457	457
30	457
88	457
33	457
33	457
88	457
30	457
88	457
35	457
631	631
88	631
73	631
88	631
88	631
88	631
30	631
73	631
73	631
88	631
73	631
73	631
27	631
27	631
33	631
12	631
88	631
73	631
88	631
12	631
88	631
96	631
88	631
457	631
12	631
457	631
12	631
30	631
60	631
12	631
457	631
40	631
88	631
39	632
88	632
26	153
33	153
26	153
153	153
99	153
27	153
27	153
153	153
88	633
96	634
88	635
88	636
636	636
636	636
88	636
88	636
636	636
636	636
636	636
93	636
636	636
93	636
636	636
636	636
3	636
637	636
30	638
638	638
88	639
640	640
152	152
152	152
30	641
641	641
641	641
641	641
641	641
641	641
30	641
30	641
12	641
641	641
641	641
27	641
12	641
641	641
641	641
641	641
12	641
641	641
641	641
30	641
641	641
30	641
12	641
88	641
88	641
12	641
12	641
641	641
641	641
641	641
642	642
33	33
33	33
33	33
33	33
33	33
33	33
33	33
643	643
88	644
88	645
27	27
27	27
426	426
30	646
27	646
99	646
88	646
33	647
33	648
88	648
648	648
648	648
648	648
33	648
3	648
4	648
3	648
649	649
33	650
651	651
30	651
651	651
30	651
651	651
30	651
132	651
651	651
652	652
88	653
88	654
3	654
4	654
3	654
30	655
655	655
30	655
655	655
88	655
655	655
73	655
73	655
655	655
88	655
655	655
88	656
88	656
88	656
657	657
658	658
33	658
33	659
88	659
88	659
88	660
97	661
26	103
429	103
103	103
662	662
472	472
33	33
33	33
30	30
30	30
663	30
30	30
30	30
30	30
30	30
30	30
30	30
664	30
39	30
39	30
30	30
27	30
30	30
39	30
39	30
39	30
60	30
27	30
27	30
73	30
73	30
73	30
88	30
30	30
27	30
73	30
27	30
30	30
27	30
60	30
30	30
30	30
30	30
27	30
30	30
27	30
27	30
60	30
60	30
73	30
27	30
30	30
27	30
306	30
30	30
30	30
306	30
306	30
306	30
30	30
306	30
30	30
88	30
306	30
306	30
30	30
73	30
306	30
73	30
39	30
39	30
132	30
132	30
30	30
30	30
132	30
665	30
132	30
132	30
30	30
132	30
30	666
88	666
88	666
60	667
667	667
27	667
667	667
27	667
254	254
30	254
30	254
73	73
73	73
668	73
160	160
160	160
160	160
669	160
30	670
670	670
670	670
30	670
670	670
670	670
88	671
88	672
88	673
88	674
99	674
3	674
4	674
3	674
88	675
676	675
88	677
88	678
678	678
73	99
30	99
99	99
30	99
30	99
35	99
88	679
3	679
4	679
3	679
60	680
88	306
30	306
306	306
30	306
60	306
60	306
60	306
88	306
132	306
306	306
132	306
306	306
132	306
60	306
306	306
306	306
60	306
30	306
88	681
88	682
88	132
132	132
88	132
132	132
132	132
60	132
60	132
60	132
60	132
60	132
88	132
132	132
88	132
30	132
30	132
88	132
88	132
30	132
30	132
30	132
88	132
30	132
132	132
27	132
30	132
132	132
30	132
132	132
288	132
428	132
35	132
39	132
35	132
132	132
30	132
132	132
30	132
30	132
35	132
35	132
30	132
30	132
35	132
35	132
35	132
132	132
35	132
132	132
35	132
35	132
132	132
35	132
35	132
35	132
132	132
60	132
35	132
132	132
30	132
35	132
30	132
132	132
30	132
30	132
167	132
132	132
30	132
132	132
39	132
30	132
30	132
30	132
30	132
164	132
164	132
164	132
164	132
132	132
30	132
132	132
683	132
88	132
25	132
30	132
93	132
88	132
88	132
132	132
93	132
132	132
93	132
30	132
30	132
132	132
93	132
132	132
93	132
133	132
132	132
133	132
132	132
133	132
132	132
132	132
133	132
93	132
132	132
27	132
39	132
132	132
39	132
30	132
132	132
30	132
33	132
132	132
132	132
30	132
136	132
132	132
136	132
132	132
132	132
30	132
132	132
30	132
30	132
30	132
136	132
132	132
132	132
136	132
132	132
93	132
164	132
132	132
164	132
27	132
136	132
132	132
136	132
132	132
30	132
30	132
132	132
684	132
136	132
93	132
136	132
136	132
136	132
136	132
136	132
136	132
136	132
136	132
136	132
134	132
135	132
136	132
132	132
136	132
132	132
136	132
132	132
136	132
132	132
136	132
132	132
136	132
685	132
132	132
136	132
685	132
93	132
136	132
136	132
136	132
685	132
136	132
30	132
30	132
33	132
136	132
132	132
132	132
30	132
30	132
132	132
686	132
136	132
136	132
686	132
136	132
132	132
136	132
132	132
136	132
132	132
30	132
136	132
136	132
136	132
30	132
136	132
136	132
30	132
686	132
136	132
132	132
675	132
675	132
675	132
30	132
88	88
88	88
687	687
73	155
88	155
30	155
88	155
88	155
88	155
73	155
73	155
27	155
88	228
629	228
228	228
30	228
30	228
227	228
228	228
228	228
27	228
688	228
88	100
100	100
30	100
100	100
100	100
100	100
100	100
100	100
100	100
73	100
30	100
100	100
88	100
30	100
100	100
100	100
73	100
30	100
30	100
30	100
100	100
100	100
100	100
100	100
100	100
100	100
100	100
100	100
100	100
100	100
100	100
100	100
100	100
100	100
100	100
100	100
100	100
100	100
30	100
73	100
100	100
100	100
100	100
100	100
88	100
88	100
88	100
100	100
100	100
100	100
30	100
100	100
30	100
100	100
100	100
39	100
88	689
690	690
88	691
30	692
77	692
693	692
88	694
30	694
30	695
30	695
30	695
30	695
88	695
30	695
695	695
30	695
30	695
30	695
696	696
696	696
697	697
698	699
77	699
699	699
699	699
699	699
88	700
73	701
88	701
88	701
88	701
702	702
693	702
703	703
88	704
705	705
88	706
88	707
708	708
699	709
88	710
710	710
88	428
88	428
27	428
30	428
132	428
30	428
88	711
88	712
88	713
88	713
714	714
88	715
88	716
88	716
30	156
88	156
30	156
156	156
156	156
27	156
156	156
88	156
156	156
93	156
156	156
27	156
88	156
156	156
30	156
27	156
156	156
156	156
93	156
156	156
459	156
156	156
459	156
162	156
156	156
162	156
717	156
156	156
459	156
93	156
93	156
163	156
156	156
686	156
156	156
88	718
88	719
30	719
719	719
719	719
30	719
39	719
719	719
719	719
719	719
719	719
719	719
30	719
30	719
719	719
30	719
719	719
30	719
30	719
719	719
27	719
27	719
719	719
719	719
719	719
88	719
719	719
132	719
88	719
88	719
88	719
719	719
132	719
719	719
719	719
39	719
720	720
720	721
88	722
88	723
88	724
88	725
88	726
88	727
88	728
88	729
88	730
39	730
39	730
88	731
88	732
88	733
3	733
4	733
3	733
88	734
88	735
88	736
132	157
157	157
132	157
157	157
30	157
157	157
30	157
157	157
30	157
30	157
737	157
157	157
30	157
157	157
30	157
157	157
30	157
27	157
30	157
157	157
30	157
30	157
157	157
30	157
157	157
157	157
30	157
157	157
157	157
30	157
157	157
88	157
157	157
30	157
157	157
30	157
30	157
157	157
30	157
157	157
30	157
157	157
30	157
157	157
30	157
157	157
30	157
157	157
30	157
157	157
30	157
157	157
30	157
30	157
30	157
30	157
30	157
30	157
157	157
30	157
157	157
30	157
157	157
30	157
30	157
30	157
30	157
157	157
30	157
27	157
60	157
157	157
157	157
27	157
157	157
157	157
157	157
30	157
157	157
30	157
30	157
157	157
88	157
30	157
157	157
30	157
157	157
30	157
157	157
39	157
157	157
88	157
30	157
157	157
88	157
157	157
157	157
88	157
429	157
88	157
157	157
88	738
88	739
88	740
88	741
30	741
741	741
741	741
88	742
88	743
744	745
35	745
35	745
746	746
30	589
30	589
30	747
30	136
88	136
30	136
35	136
35	136
35	136
93	136
136	136
30	136
30	136
30	136
88	136
136	136
88	136
136	136
27	136
136	136
27	136
136	136
93	136
136	136
27	136
136	136
27	136
27	136
136	136
136	136
30	136
30	136
93	136
136	136
93	136
136	136
27	136
136	136
136	136
27	136
136	136
39	136
136	136
27	136
136	136
93	136
136	136
93	136
27	136
30	136
136	136
27	136
136	136
169	136
27	136
136	136
175	136
136	136
27	136
136	136
171	136
136	136
136	136
171	136
30	136
171	136
136	136
27	136
136	136
136	136
27	136
171	136
136	136
136	136
27	136
30	136
27	136
27	136
27	136
27	136
30	136
39	136
30	136
136	136
39	136
93	136
136	136
39	136
39	136
39	136
172	136
39	136
172	136
26	136
172	136
172	136
39	136
93	136
136	136
93	136
172	136
136	136
172	136
136	136
172	136
136	136
172	136
136	136
136	136
27	136
136	136
172	136
172	136
136	136
169	136
27	136
27	136
169	136
348	136
348	136
348	136
348	136
348	136
27	136
175	136
748	136
136	136
136	136
39	749
157	737
750	750
157	751
751	751
157	751
30	751
751	751
157	751
88	751
751	751
751	751
30	751
157	752
39	753
30	753
88	753
167	558
27	158
132	754
157	754
88	755
27	27
27	27
30	756
30	756
88	756
88	756
686	686
757	757
757	757
88	758
72	759
760	760
30	41
41	41
30	41
30	41
30	41
41	41
30	41
41	41
30	41
30	41
30	41
3	41
39	569
39	569
88	569
30	569
569	569
96	569
30	569
569	569
569	569
27	569
594	569
594	569
569	569
93	569
594	569
569	569
93	569
569	569
132	175
175	175
30	175
175	175
30	175
175	175
30	175
30	175
30	175
30	175
30	175
175	175
30	175
30	175
175	175
30	175
175	175
30	175
175	175
40	175
175	175
30	175
175	175
60	175
175	175
30	175
175	175
30	175
30	175
175	175
30	175
30	175
132	175
30	175
30	175
175	175
676	175
27	175
30	175
30	175
175	175
93	175
175	175
175	175
93	175
175	175
175	175
88	175
175	175
175	175
30	175
30	175
175	175
30	175
136	175
175	175
175	175
136	175
175	175
136	175
175	175
136	175
136	175
136	175
27	175
27	175
175	175
27	175
175	175
27	175
176	175
136	175
136	175
175	175
761	761
88	762
88	763
3	763
4	763
3	763
88	764
88	765
88	766
39	767
88	767
380	767
88	768
591	591
88	769
88	770
3	770
4	770
3	770
88	771
88	772
88	773
88	774
3	774
4	774
3	774
35	775
776	776
35	35
777	35
35	778
35	779
35	779
3	779
4	779
3	779
35	780
35	780
35	781
35	781
688	781
35	782
35	782
35	783
783	783
783	783
35	784
784	784
35	784
35	784
35	593
30	593
30	593
30	593
30	593
73	593
593	593
73	593
593	593
73	593
93	593
593	593
30	593
30	593
27	593
136	593
593	593
136	593
30	593
593	593
30	593
30	593
593	593
35	256
35	256
256	256
30	256
256	256
30	256
30	256
256	256
690	785
35	786
88	787
88	788
35	789
790	790
790	790
791	791
167	792
35	793
30	794
35	795
30	796
35	796
796	796
3	796
4	796
3	796
797	797
798	798
35	799
35	800
35	800
35	800
3	800
4	800
3	800
35	801
802	802
35	803
35	804
35	805
805	805
93	805
805	805
136	805
136	805
806	806
93	806
806	806
35	807
35	808
35	809
35	809
35	809
810	810
811	810
35	810
35	141
30	812
812	812
35	813
35	813
332	813
332	813
35	814
35	814
815	815
332	332
332	332
35	332
332	332
332	332
332	332
35	332
35	332
35	332
332	332
35	332
816	816
30	60
30	60
816	817
818	818
77	819
820	819
77	821
77	821
35	822
35	822
35	822
35	822
35	822
35	822
77	823
30	590
824	824
93	825
88	825
88	826
3	826
4	826
3	826
30	827
39	827
828	828
828	828
828	828
829	829
829	829
132	830
88	831
832	833
834	835
834	834
254	836
832	837
838	837
88	839
88	840
3	840
4	840
3	840
254	841
77	842
30	843
844	844
844	844
77	845
30	308
88	308
77	846
77	846
77	847
426	848
849	849
849	849
850	850
850	850
132	851
93	852
88	852
77	853
77	853
669	853
77	853
854	854
27	27
27	27
855	855
855	855
30	582
30	582
93	582
93	582
93	582
856	856
30	857
30	857
30	857
73	858
88	859
30	860
861	861
669	862
862	862
669	862
862	669
862	669
862	669
862	669
77	820
863	863
864	864
865	865
866	866
30	162
162	162
93	162
717	162
156	162
156	162
27	162
162	162
163	162
30	162
93	162
162	162
30	162
162	162
30	162
30	162
162	162
27	162
163	162
163	162
686	162
162	162
686	162
686	162
162	162
867	867
162	868
88	869
164	870
27	870
871	871
27	163
27	163
163	163
156	163
162	163
27	163
88	163
88	163
163	163
88	163
162	163
164	163
164	163
27	163
133	163
27	163
133	163
30	163
163	163
30	163
136	163
163	163
136	163
136	163
88	163
93	872
39	873
874	874
132	875
93	876
876	876
88	876
30	876
876	876
88	876
27	876
832	877
878	878
879	878
688	878
832	880
30	881
686	882
629	883
884	884
884	884
88	885
88	886
887	887
887	887
887	888
887	888
889	889
889	890
891	891
162	163
164	892
164	893
104	894
104	104
164	895
3	895
4	895
3	895
896	896
897	897
898	898
77	898
27	898
898	898
899	899
900	900
900	900
900	900
900	900
901	901
112	901
88	902
77	903
30	595
77	904
904	904
904	904
904	904
904	904
904	904
542	904
820	904
77	904
905	905
88	906
88	906
93	133
30	133
133	133
93	133
93	133
30	133
39	133
39	133
133	133
93	133
30	133
133	133
30	133
133	133
30	133
133	133
30	133
30	133
133	133
30	133
133	133
26	133
27	133
133	133
132	133
88	133
30	133
39	133
39	133
39	133
39	133
39	133
39	133
161	133
135	133
135	133
39	907
907	907
908	908
93	908
93	908
136	908
93	908
93	908
908	908
908	908
908	908
174	174
909	909
910	910
93	911
912	912
913	914
132	914
161	161
161	161
161	915
27	168
30	168
30	168
168	168
168	168
168	168
30	168
27	168
107	6
168	168
433	433
684	272
4	272
684	272
4	272
136	748
30	748
93	748
136	748
30	748
30	748
27	748
748	748
748	748
27	748
748	748
136	748
748	748
27	748
748	748
30	748
136	748
748	748
136	748
27	748
748	748
748	748
748	748
748	748
748	748
27	748
748	748
93	748
748	748
93	748
27	748
27	748
30	748
60	748
136	748
30	748
30	748
136	748
93	748
136	748
136	748
136	748
136	748
136	748
136	748
748	748
136	748
748	748
748	748
30	748
136	748
748	748
136	748
748	748
136	748
748	748
30	748
136	748
748	748
748	748
136	748
136	748
136	748
136	748
136	748
748	748
748	748
136	748
748	748
136	748
136	748
136	748
136	748
136	748
748	748
136	748
136	748
136	748
748	748
748	748
136	748
93	748
136	748
93	748
136	748
748	748
136	748
748	748
136	748
30	748
748	748
30	748
136	748
136	748
748	748
136	748
136	748
748	748
748	748
136	748
748	748
748	748
136	748
136	748
748	748
136	748
748	748
748	748
136	748
136	748
748	748
748	748
748	748
136	748
3	748
93	748
136	748
136	748
748	748
748	748
136	748
30	748
748	748
30	748
30	748
27	748
748	748
27	748
748	748
136	748
136	748
136	748
748	748
748	748
136	748
748	748
136	748
136	748
748	748
136	748
748	748
136	748
748	748
136	748
748	748
136	748
748	748
136	748
748	748
136	748
748	748
136	748
748	748
136	748
748	748
748	748
748	748
30	748
30	748
748	748
136	748
136	748
30	748
748	748
30	748
30	748
30	748
30	748
136	748
30	748
136	748
88	748
30	748
136	748
136	748
748	748
748	748
136	748
748	748
136	748
748	748
136	748
136	748
136	748
748	748
136	748
748	748
136	748
748	748
136	748
748	748
748	748
136	748
748	748
136	748
748	748
136	748
748	748
136	748
136	748
748	748
136	748
748	748
136	748
748	748
136	748
136	748
136	748
136	748
748	748
136	748
136	748
136	748
136	748
136	748
748	748
136	748
136	748
136	748
748	748
136	748
136	748
136	748
136	748
136	748
748	748
136	748
136	748
748	748
136	748
136	748
748	748
748	748
748	748
136	748
136	748
136	748
916	916
93	171
93	171
136	171
136	171
88	171
136	171
88	171
136	171
136	171
136	171
93	171
30	171
136	171
136	171
136	171
136	171
136	171
136	171
136	171
88	171
88	171
136	171
136	171
171	171
136	171
136	171
27	171
30	171
136	171
171	171
171	171
136	171
171	171
136	171
171	171
136	171
171	171
136	171
136	171
171	171
136	171
136	171
171	171
136	171
171	171
136	171
27	171
136	171
171	171
171	171
136	171
593	171
171	171
30	171
30	171
30	171
171	171
136	171
171	171
136	171
136	171
136	171
136	171
171	171
136	171
171	171
136	171
93	402
402	402
402	402
402	402
402	402
170	917
39	170
39	170
39	170
27	170
39	170
30	170
569	594
77	918
919	918
542	920
777	920
77	920
30	921
93	922
33	922
922	922
136	922
922	922
77	923
77	924
88	925
88	926
136	927
927	927
93	927
136	927
30	927
30	927
30	927
927	927
30	927
30	927
30	927
30	927
136	927
928	928
928	928
929	929
33	33
77	930
77	931
339	339
3	932
3	933
3	934
3	935
3	936
3	937
3	938
3	939
3	940
3	668
3	941
3	942
77	943
77	944
757	944
77	945
136	946
946	946
946	946
136	946
946	946
136	946
77	947
93	93
93	93
30	948
3	949
3	950
4	950
3	950
3	951
4	951
3	951
3	952
4	952
3	952
3	953
4	953
3	953
3	954
4	954
3	954
3	955
4	955
3	955
3	956
4	956
3	956
3	957
4	957
3	957
3	958
4	958
3	958
3	959
4	959
3	959
3	960
3	961
4	961
3	961
3	962
4	962
3	962
3	963
4	963
3	963
3	964
4	964
3	964
3	965
4	965
3	965
3	966
4	966
3	966
3	967
3	968
4	968
3	968
3	969
4	969
3	969
3	970
4	970
3	970
3	971
4	971
3	971
3	972
4	972
3	972
3	973
4	973
3	973
3	974
4	974
3	974
3	975
4	975
3	975
3	976
3	977
4	977
3	977
3	978
4	978
3	978
3	979
4	979
3	979
3	980
4	980
3	980
3	981
4	981
3	981
3	982
4	982
3	982
3	983
4	983
3	983
3	984
4	984
3	984
3	985
4	985
3	985
3	986
4	986
3	986
3	987
4	987
3	987
3	988
4	988
3	988
3	989
4	989
3	989
3	990
4	990
3	990
3	991
4	991
3	991
3	992
4	992
3	992
3	993
4	993
3	993
3	994
4	994
3	994
3	377
4	377
3	377
3	995
3	996
4	996
3	996
3	997
4	997
3	997
3	998
4	998
3	998
3	999
4	999
3	999
3	1000
4	1000
3	1000
3	1001
4	1001
3	1001
3	1002
4	1002
3	1002
3	1003
4	1003
3	1003
3	1004
4	1004
3	1004
3	1005
4	1005
3	1005
3	1006
4	1006
3	1006
3	1007
4	1007
3	1007
3	1008
4	1008
3	1008
3	1009
4	1009
3	1009
3	1010
4	1010
3	1010
3	1011
4	1011
3	1011
3	1012
4	1012
3	1012
3	1013
4	1013
3	1013
3	1014
4	1014
3	1014
3	1015
4	1015
3	1015
3	1016
4	1016
3	1016
3	1017
4	1017
3	1017
3	1018
3	1019
4	1019
3	1019
3	1020
4	1020
3	1020
3	1021
4	1021
3	1021
3	1022
4	1022
3	1022
3	1023
4	1023
3	1023
3	1024
4	1024
3	1024
3	1025
4	1025
3	1025
3	1026
4	1026
3	1026
3	1027
4	1027
3	1027
3	1028
4	1028
3	1028
3	1029
4	1029
3	1029
3	1030
4	1030
3	1030
3	1031
4	1031
3	1031
3	1032
4	1032
3	1032
3	1033
4	1033
3	1033
3	1034
4	1034
3	1034
3	1035
4	1035
3	1035
3	1036
4	1036
3	1036
3	1037
4	1037
3	1037
3	1038
4	1038
3	1038
3	1039
4	1039
3	1039
3	1040
4	1040
3	1040
3	1041
3	1042
4	1042
3	1042
3	1043
4	1043
3	1043
3	1044
4	1044
3	1044
3	1045
4	1045
3	1045
3	1046
4	1046
3	1046
3	1047
4	1047
3	1047
3	1048
4	1048
3	1048
3	1049
4	1049
3	1049
3	1050
4	1050
3	1050
3	1051
4	1051
3	1051
3	1052
4	1052
3	1052
3	1053
4	1053
3	1053
3	1054
4	1054
3	1054
3	1055
4	1055
3	1055
3	59
4	59
3	59
3	1056
4	1056
3	1056
3	1057
4	1057
3	1057
3	1058
4	1058
3	1058
3	1059
4	1059
3	1059
3	1060
4	1060
3	1060
3	1061
4	1061
3	1061
3	1062
4	1062
3	1062
3	1063
4	1063
3	1063
3	1064
4	1064
3	1064
3	1065
4	1065
3	1065
3	1066
4	1066
3	1066
3	1067
4	1067
3	1067
3	1068
4	1068
3	1068
3	1069
4	1069
3	1069
3	1070
4	1070
3	1070
3	1071
3	1072
3	1073
4	1073
3	1073
3	1074
4	1074
3	1074
3	1075
4	1075
3	1075
3	1076
4	1076
3	1076
3	1077
4	1077
3	1077
3	1078
4	1078
3	1078
3	1079
4	1079
3	1079
3	1080
4	1080
3	1080
3	1081
4	1081
3	1081
3	1082
4	1082
3	1082
3	1083
4	1083
3	1083
3	1084
4	1084
3	1084
3	1085
4	1085
3	1085
3	1086
4	1086
3	1086
3	1087
4	1087
3	1087
3	1088
4	1088
3	1088
3	1089
4	1089
3	1089
3	1090
4	1090
3	1090
3	1091
4	1091
3	1091
3	1092
4	1092
3	1092
3	1093
4	1093
3	1093
3	1094
4	1094
3	1094
3	1095
4	1095
3	1095
3	1096
4	1096
3	1096
3	1097
4	1097
3	1097
3	1098
4	1098
3	1098
3	1099
3	1100
4	1100
3	1100
3	1101
4	1101
3	1101
3	272
4	272
3	272
3	1102
4	1102
3	1102
3	1103
4	1103
3	1103
3	249
4	249
3	249
3	1104
4	1104
3	1104
3	1105
4	1105
3	1105
3	1106
4	1106
3	1106
3	1107
4	1107
3	1107
3	1108
4	1108
3	1108
3	1109
4	1109
3	1109
3	1110
4	1110
3	1110
3	1111
4	1111
3	1111
3	1112
4	1112
3	1112
3	1113
4	1113
3	1113
3	1114
4	1114
3	1114
3	1115
4	1115
3	1115
3	1116
3	1117
4	1117
3	1117
3	1118
4	1118
3	1118
3	1119
4	1119
3	1119
3	1120
4	1120
3	1120
3	1121
4	1121
3	1121
3	1122
4	1122
3	1122
3	1123
4	1123
3	1123
3	1124
4	1124
3	1124
3	1125
4	1125
3	1125
3	1126
4	1126
3	1126
3	1127
3	1128
4	1128
3	1128
3	1129
4	1129
3	1129
3	1130
4	1130
3	1130
3	1131
4	1131
3	1131
3	1132
4	1132
3	1132
3	1133
4	1133
3	1133
3	1134
4	1134
3	1134
3	1135
4	1135
3	1135
3	1136
4	1136
3	1136
3	1137
4	1137
3	1137
3	1138
4	1138
3	1138
3	1139
4	1139
3	1139
3	8
4	8
3	8
3	1140
4	1140
3	1140
3	1141
4	1141
3	1141
3	1142
4	1142
3	1142
3	1143
4	1143
3	1143
3	1144
4	1144
3	1144
3	1145
4	1145
3	1145
3	1146
4	1146
3	1146
3	1147
4	1147
3	1147
3	1148
4	1148
3	1148
3	1149
4	1149
3	1149
3	1150
4	1150
3	1150
3	1151
4	1151
3	1151
3	1152
4	1152
3	1152
3	1153
4	1153
3	1153
3	1154
4	1154
3	1154
3	1155
4	1155
3	1155
3	1156
4	1156
3	1156
3	1157
3	1158
4	1158
3	1158
3	1159
4	1159
3	1159
3	1160
4	1160
3	1160
3	1161
4	1161
3	1161
3	1162
4	1162
3	1162
3	1163
4	1163
3	1163
3	1164
4	1164
3	1164
3	1165
4	1165
3	1165
3	1166
4	1166
3	1166
3	66
4	66
3	66
3	1167
4	1167
3	1167
77	1168
30	597
30	597
30	597
1169	1169
3	1170
30	169
136	1171
1171	1171
136	1171
1171	1171
88	1172
1172	1172
88	1172
783	1173
88	1174
88	1175
1176	1176
1176	1176
1176	1176
1177	1177
1177	1177
1177	1177
136	1178
88	1178
1179	1179
1180	1180
88	436
30	1181
402	176
